-0.119658,-0.053446,0.523647,-0.243421,-0.966163,-0.656226,-0.739157,0.574434,-0.770599
0.659440,-0.336142,0.981306,0.871304,0.978424,0.187168,0.280340,0.643070,-0.186262
-0.052491,0.043814,-0.528469,-0.118632,0.274003,-0.756849,0.015876,-0.118190,-0.113613
0.731331,0.460106,0.002471,-0.322664,0.022774,0.705068,0.453615,-0.591135,-0.464414
0.639108,-0.913153,-0.235481,-0.310276,-0.471370,0.553664,-0.793038,-0.977439,-0.100168
0.979003,0.640183,-0.882167,0.613837,-0.792774,-0.842138,-0.075066,0.834130,-0.308914
-0.679394,-0.340510,0.606242,0.328543,0.944792,0.091241,0.067064,0.393884,-0.894625
-0.839310,-0.356983,0.507922,-0.708641,-0.601174,-0.906563,0.620405,0.702784,-0.854659
-0.836134,0.969616,0.830908,0.941962,0.538807,0.143678,0.597660,0.144382,-0.850193
0.497738,0.648288,-0.055121,-0.543427,-0.149446,-0.251554,-0.764802,-0.552009,-0.842073
0.352120,-0.478557,0.388746,-0.869817,0.509975,-0.941388,0.616309,0.955336,0.399729
0.003538,-0.793952,-0.092071,-0.019416,-0.851550,0.528785,0.329496,-0.783177,-0.783590
-0.438699,-0.934506,-0.713204,0.736730,0.300728,-0.851300,-0.849330,0.095359,-0.933329
-0.510780,0.571610,-0.773771,-0.864223,-0.897598,-0.433133,0.095823,0.005578,0.651780
0.122075,-0.012590,0.468035,0.006209,-0.629663,0.863368,-0.054678,-0.889768,-0.999680
-0.520310,-0.857384,-0.314548,-0.878407,0.665907,0.653140,-0.749505,0.783909,-0.400639
0.945826,0.908512,0.207596,-0.834159,0.173813,-0.796397,0.805734,-0.746208,0.878019
-0.240371,0.854878,0.294427,-0.019978,-0.629625,-0.818639,0.698117,-0.181002,-0.505718
0.983679,-0.461855,-0.000685,0.060782,0.873528,0.958656,0.147239,-0.837086,0.317862
-0.246659,0.013587,0.323348,-0.835005,0.373724,0.632826,0.185876,-0.659255,-0.464496
0.903759,-0.667525,0.492592,0.281866,-0.744388,0.995041,0.207186,0.102452,0.778333
0.667362,0.858983,-0.728050,0.247211,-0.875730,0.726222,-0.323686,0.421494,-0.077747
-0.621355,0.281328,-0.981102,-0.726753,0.156566,0.297511,0.031898,0.926897,-0.992103
-0.408888,-0.282200,-0.091393,0.328976,-0.535898,0.733209,-0.210111,0.301942,-0.880140
0.023598,0.845177,-0.452576,0.475703,-0.799683,-0.447837,0.781375,0.263118,0.694799
-0.406054,0.032457,-0.285417,0.039016,0.794697,0.695017,0.118150,-0.423796,0.720911
-0.265284,-0.219242,0.556402,-0.210930,0.094377,0.492482,-0.524128,-0.928819,-0.064570
-0.367193,-0.820166,-0.293464,0.608230,-0.477306,0.695619,0.558212,0.206701,0.983745
0.023557,-0.761510,-0.847657,-0.714749,-0.277608,-0.395808,0.514988,0.650634,0.667455
0.703261,0.517091,0.957029,-0.011814,-0.556509,-0.374606,-0.326588,0.051840,-0.485014
0.411246,0.471672,-0.623669,0.086304,-0.290206,0.864983,-0.998550,-0.884545,0.451016
-0.416088,-0.945705,0.310365,-0.189655,0.536525,0.201511,-0.055987,-0.409963,0.379825
0.457556,-0.794380,0.530781,0.962468,0.645548,-0.367814,-0.201693,-0.558598,0.817300
0.938648,0.553647,-0.694505,-0.717332,0.035944,0.778280,-0.137424,-0.969353,-0.458522
-0.930387,-0.381436,0.138130,-0.078405,0.704462,-0.008789,-0.055801,-0.867612,0.250657
-0.182547,-0.565656,0.855466,0.505035,-0.860096,-0.206684,0.190696,-0.897362,-0.898593
-0.472760,-0.488703,-0.191733,0.046292,-0.455032,-0.190975,0.147562,0.366724,-0.142453
0.605819,-0.010523,-0.475849,-0.359650,0.274969,0.193578,0.225632,-0.629635,-0.804122
-0.216996,0.472786,0.966608,0.311167,0.513504,0.366105,0.280610,-0.720878,-0.333929
0.566332,-0.286865,0.683811,-0.887379,-0.235442,-0.394819,-0.990535,-0.293736,0.897384
0.569439,0.854461,-0.908531,-0.265102,-0.108227,0.408661,-0.562958,-0.560708,-0.793728
-0.073232,0.938122,0.384327,0.808741,-0.763479,0.697518,-0.590138,0.303291,0.534227
-0.849891,0.629044,-0.721480,0.571644,-0.160298,-0.211971,-0.963439,-0.698908,0.928382
0.434932,-0.714250,0.329891,-0.084845,-0.624452,-0.571613,-0.215593,-0.729181,-0.808194
-0.352531,-0.439538,0.472017,0.856555,-0.570674,0.159454,-0.691409,-0.574341,-0.981171
-0.094780,0.983804,-0.300592,0.669503,0.502441,0.692445,0.875395,0.407139,0.183013
0.414537,0.970041,0.558037,0.430015,0.424599,0.406815,0.439897,-0.223276,-0.839817
0.235096,-0.806950,-0.672464,0.252981,-0.581007,0.112375,-0.227166,-0.134081,0.780165
0.835363,0.517446,-0.678409,-0.280110,-0.062406,0.192687,0.279908,0.932644,0.161106
-0.640032,0.720159,0.955228,0.108222,-0.417533,0.358440,-0.863972,0.857636,0.831643
0.481050,-0.146905,0.470852,0.041368,0.604394,0.190313,0.558230,-0.170161,0.358053
0.420822,-0.861348,0.312439,0.453605,-0.700636,0.473022,-0.100935,-0.965002,0.391010
0.679756,-0.314554,-0.488816,0.422284,0.075874,0.672992,-0.545587,-0.509552,-0.095388
0.366786,-0.856920,0.849458,0.782028,-0.431438,-0.156358,-0.989576,-0.065502,-0.019137
-0.535693,-0.131538,0.394770,0.765401,0.137415,0.210142,-0.458491,0.434632,-0.742903
0.735602,0.761170,-0.766449,-0.509695,0.850032,-0.146454,-0.492655,0.798307,0.250427
0.801668,0.613683,0.423592,0.841460,0.243191,0.349044,-0.010902,-0.836952,-0.810618
0.347059,0.773813,-0.199289,-0.470679,0.156578,-0.262037,0.022705,0.724161,0.916810
0.528858,0.285934,0.703446,0.320867,0.940473,0.567561,-0.580323,-0.889971,-0.999731
-0.823065,0.568624,-0.524643,-0.032661,-0.018336,-0.317471,-0.047279,-0.833282,-0.345973
-0.129459,-0.367052,0.529774,-0.218680,0.522354,0.479185,-0.096015,0.257372,-0.279230
-0.010456,0.333583,-0.197468,-0.755574,0.686779,0.642772,0.734788,0.462730,-0.961496
-0.767167,-0.958473,0.635746,0.162339,-0.356670,-0.903350,-0.988385,0.082971,-0.920182
-0.256469,0.943772,-0.712269,0.667648,-0.975427,0.355762,-0.413550,0.880498,-0.125771
0.969329,0.536848,0.548859,0.836223,-0.202524,0.075385,0.730402,-0.301409,0.655501
-0.915913,0.916408,-0.202211,0.023725,0.288725,0.856360,-0.555677,-0.200218,0.468483
0.145225,-0.031676,0.774726,0.818204,0.781188,-0.423900,-0.158194,0.367609,-0.287214
-0.615576,-0.239745,-0.792090,0.569273,-0.750584,-0.368577,-0.326109,0.599259,0.815248
0.132100,0.452166,-0.675232,0.904327,0.441020,0.983858,-0.659816,0.732017,-0.688562
0.781001,0.039466,-0.870840,0.993076,0.070232,0.633673,-0.280623,0.288062,0.934123
0.876537,-0.508377,-0.829417,-0.061405,-0.751587,-0.762382,-0.548634,0.330602,0.058570
0.554813,0.901086,0.212871,0.488329,0.460792,0.384030,0.219661,0.787037,0.108108
-0.132218,0.538406,0.373169,0.391089,-0.952740,0.747094,0.490333,-0.771380,0.739592
0.886013,-0.753172,0.762714,-0.388146,-0.138088,-0.352747,-0.758310,0.436163,0.642951
0.299450,-0.260030,-0.767115,0.278404,0.336560,0.104399,-0.733376,-0.343907,-0.880001
-0.288676,0.528415,-0.480245,-0.372398,-0.917443,-0.551515,0.785822,-0.227210,-0.288032
-0.223808,0.118406,-0.859321,0.731316,0.990331,-0.584140,0.379156,-0.734297,-0.751293
-0.830977,-0.530541,0.163678,-0.104858,-0.460785,0.518234,-0.144709,0.615189,0.306243
-0.876581,-0.553967,0.495706,0.460582,-0.484230,-0.298548,0.709866,0.631504,0.872227
-0.633707,-0.402854,0.441812,0.754251,-0.607871,0.929997,0.928634,0.075246,-0.181107
0.491974,-0.539406,0.733139,-0.122653,-0.855257,-0.118918,-0.095344,0.592043,0.879782
-0.798845,-0.798670,-0.963848,0.568756,-0.503884,-0.613765,0.851050,0.917079,0.915885
-0.711801,-0.888809,-0.425661,-0.735005,0.859817,-0.611024,-0.098346,0.307003,0.625992
0.018041,0.567991,0.535889,-0.875532,0.836680,-0.292360,-0.390109,-0.437125,-0.443016
-0.168621,0.649340,-0.874121,0.392152,0.367829,0.546158,0.613698,0.078377,0.967995
0.598339,0.135551,0.815747,0.124854,-0.369466,-0.143396,0.789014,0.457760,-0.913183
0.063459,-0.596133,0.891040,-0.815974,-0.661841,-0.920469,0.189558,-0.328730,-0.777758
-0.377511,0.175330,0.558538,0.577503,-0.306673,0.496690,0.638773,0.727624,-0.121921
0.720638,0.762277,-0.117614,-0.285987,-0.297649,-0.868760,0.513324,0.737380,0.884593
-0.589603,0.828519,0.016551,-0.933029,0.547294,0.703442,0.965358,0.583429,0.999271
0.681344,-0.535498,-0.862037,0.863191,-0.477501,0.368459,-0.383231,0.678188,-0.863380
-0.720297,0.335995,-0.343989,0.114002,-0.342566,-0.743498,-0.929868,-0.667202,0.561292
-0.369145,0.227556,0.566443,-0.447651,-0.758833,-0.827911,-0.716593,0.156259,-0.845155
-0.270252,-0.134848,-0.275798,-0.543061,0.102491,0.793459,0.915247,-0.941814,0.967248
0.420776,-0.829368,0.579815,-0.286811,-0.563430,0.854834,0.930029,0.748876,-0.967709
-0.987863,-0.940928,-0.832097,-0.598384,-0.092960,0.121253,-0.204333,-0.863734,0.954693
0.744433,-0.447176,-0.177645,0.219217,-0.316187,0.586348,-0.359337,0.292492,0.505207
0.456311,0.562751,0.835075,0.236739,-0.507111,-0.556057,0.185198,0.512713,0.301587
-0.721606,0.159260,0.427164,-0.110077,0.331915,-0.956120,-0.835297,0.163508,-0.495484
-0.559210,0.723462,0.388462,-0.494253,-0.609079,0.108120,0.644811,-0.137177,0.730140
-0.664083,-0.956312,-0.956804,0.056023,-0.119610,0.362032,0.351752,0.421405,-0.070276
-0.123211,-0.336027,-0.061876,0.817701,-0.392508,0.552277,0.187951,0.266610,-0.899870
0.866744,-0.606620,-0.526188,0.549053,0.984824,-0.395606,-0.154382,-0.240400,-0.279904
-0.218741,0.242588,0.643001,0.050981,0.326518,0.455104,0.908137,-0.061389,-0.935225
-0.384429,-0.848482,-0.813002,-0.739373,-0.441471,0.379827,0.239673,-0.278320,0.991178
-0.377200,-0.776508,0.866539,-0.207724,0.969307,0.395367,0.023676,0.160030,0.622669
0.031140,-0.817141,-0.644226,-0.779185,-0.666907,0.416226,-0.531327,-0.958283,0.590797
-0.053958,-0.742878,0.106011,-0.124711,-0.020869,-0.054022,0.270154,-0.939106,-0.678832
-0.218302,0.229012,0.537711,-0.509081,0.158814,0.743717,-0.749772,0.917512,0.981362
0.179552,0.573913,0.862660,-0.093814,-0.417580,-0.251129,0.599257,0.395852,-0.945929
0.836754,0.821272,-0.851369,0.626412,0.369154,0.938960,0.840211,0.516854,0.944018
0.169890,-0.987402,0.503185,0.180128,0.789578,0.384078,-0.836321,0.544551,0.029063
0.252599,0.646454,0.845968,0.435075,0.926183,-0.746477,-0.580602,-0.879916,-0.953798
0.645618,-0.672770,0.599102,0.185563,-0.492847,0.620529,0.829559,0.147198,-0.986586
0.945644,-0.781740,0.909981,0.025977,-0.747906,-0.409826,-0.732227,0.398423,0.978126
0.042194,0.846161,-0.748373,0.513661,-0.476766,-0.419273,0.913622,-0.229185,-0.665618
0.609082,0.022221,-0.106208,-0.228389,-0.598155,0.839968,0.388515,0.368831,-0.544964
0.962159,-0.071706,0.129014,-0.723181,0.210862,-0.995473,-0.434256,0.637909,0.422040
-0.929682,-0.332393,0.194143,0.792237,0.345560,0.011237,0.922024,-0.268851,0.196326
0.056463,-0.538717,-0.169111,-0.768040,-0.647409,-0.679631,0.749065,0.269497,-0.274360
-0.727753,0.124773,0.801821,-0.659695,-0.111274,-0.785282,0.927934,0.061713,0.995867
-0.734006,-0.416323,-0.022691,0.407452,0.676704,0.972763,0.276690,-0.752646,-0.915528
0.906257,0.852477,0.528858,0.126196,-0.526900,0.949446,0.323933,-0.464716,0.632059
0.534513,0.802653,0.764529,0.178922,-0.842425,-0.593649,-0.209768,-0.839934,-0.534156
-0.126065,-0.317047,-0.076249,0.583452,0.600553,-0.774864,0.799001,0.717903,-0.921777
0.260451,-0.227973,0.221546,-0.654557,-0.448906,0.802172,0.720681,0.307039,-0.243170
-0.669333,0.513168,-0.052812,0.117794,-0.966231,0.192944,0.110353,0.580481,-0.818979
0.391669,0.902760,-0.077431,0.531289,-0.377620,0.330407,0.387900,0.529564,0.996706
-0.257064,0.837714,0.645272,0.539585,-0.644924,0.544828,-0.929202,-0.343332,-0.974873
0.931805,-0.839323,0.279302,-0.463177,-0.580936,0.883293,-0.668980,-0.997350,0.531931
0.522493,-0.594833,0.067298,-0.392973,-0.718184,-0.234707,-0.303804,-0.792289,0.617880
-0.536062,-0.738639,-0.202741,-0.346223,0.113705,0.322488,0.130454,-0.211256,0.388202
0.461253,-0.180492,-0.409819,-0.224416,0.691170,0.055480,0.856274,-0.098970,0.949179
-0.717733,-0.908748,-0.888677,-0.271703,-0.403939,0.720711,-0.793041,0.762551,-0.007265
-0.407203,-0.409294,-0.991072,-0.491602,0.242373,-0.700838,0.302524,0.408611,-0.551648
-0.338425,0.673776,-0.834324,0.787732,0.023818,0.533977,-0.624720,0.661169,-0.994947
0.312914,0.609762,0.314202,-0.915917,0.083078,0.873963,-0.378619,-0.460364,-0.693496
0.402936,-0.699692,-0.955112,-0.954828,-0.730632,-0.469655,0.355413,0.232560,0.762524
0.172525,-0.570130,-0.430822,0.638125,-0.764217,-0.444260,-0.711410,-0.581584,-0.668138
0.808066,-0.164063,0.306809,0.507342,-0.745092,0.620696,0.794757,-0.720246,-0.913877
0.106314,-0.533677,-0.608367,0.936627,-0.435184,-0.311160,-0.540355,0.569912,0.736575
0.653376,0.563494,0.029244,-0.272748,-0.147031,0.776802,0.899525,-0.727394,-0.312214
-0.107974,-0.859800,0.638710,0.800180,-0.857306,-0.265067,0.351407,0.590960,-0.493949
-0.850353,0.251021,0.650842,0.073198,-0.663522,0.717079,-0.285818,-0.842800,0.584191
-0.975914,-0.484667,-0.800427,0.156420,-0.899116,-0.047577,-0.371540,-0.580565,-0.042537
-0.130084,0.740340,-0.867796,0.383267,0.201551,0.933752,0.584860,0.551780,-0.959697
-0.684378,-0.707031,-0.165431,-0.128464,0.486666,-0.559185,0.517085,0.536601,-0.544947
0.015395,0.482914,0.231447,0.885226,-0.810990,0.988166,-0.732043,0.069427,0.998372
0.416063,-0.245765,0.477833,-0.194246,-0.223297,0.420406,0.650282,0.519284,-0.774983
-0.863204,-0.355498,-0.214904,0.870332,-0.660100,0.398278,-0.109316,0.503746,0.765152
0.270811,-0.869678,0.133328,-0.898284,-0.955912,-0.793607,0.937017,-0.594796,0.262301
0.539819,0.310198,0.236375,0.958102,0.340626,-0.845705,0.419827,-0.242407,0.404799
-0.453413,-0.332154,0.496085,0.241808,0.123987,0.077690,0.400886,-0.633276,-0.833295
-0.378219,-0.586819,-0.936853,0.211297,-0.087707,0.012050,0.517873,-0.318169,-0.742138
0.928963,0.635942,0.499735,-0.707743,-0.617266,-0.985638,-0.775635,0.869849,-0.943855
-0.268089,-0.547656,0.585391,0.898733,0.985899,0.241858,-0.685664,0.065251,-0.317641
-0.165254,0.837220,0.345610,-0.424069,-0.959511,-0.454019,-0.067445,-0.111497,0.013018
0.762635,0.519264,-0.139963,-0.218113,0.218560,-0.139667,0.979751,-0.000390,-0.223333
-0.162969,0.942048,-0.040126,0.593587,0.657935,0.962940,0.276686,0.100241,-0.846626
-0.666736,-0.126623,-0.563676,-0.774666,0.166539,0.071788,-0.433593,-0.539117,0.993731
-0.199797,-0.442055,0.720526,-0.948583,-0.235388,0.352053,0.237328,-0.107010,-0.999661
0.427939,0.591044,0.984600,0.459853,-0.538741,-0.293023,-0.020080,0.009348,0.998698
-0.825356,0.360928,0.321313,0.363417,0.993389,-0.160700,-0.220426,-0.001454,-0.851720
0.129315,0.770238,-0.968736,0.031969,-0.254750,-0.359859,0.309653,-0.237799,-0.844125
0.831342,-0.252657,0.005554,-0.352690,-0.642165,0.366357,-0.031231,0.171158,0.932836
0.129672,-0.610252,-0.188265,0.984458,-0.998159,-0.142091,-0.648502,0.937258,-0.435777
-0.152133,-0.756392,-0.269975,0.464846,-0.260303,0.851990,0.791302,-0.167453,0.023656
0.041289,0.476779,-0.454205,-0.922074,0.781168,-0.936075,0.852041,0.939422,-0.348704
0.405801,-0.181549,0.149020,0.646751,0.954936,-0.206489,-0.547226,-0.180907,0.485449
0.980620,-0.142754,-0.002117,0.616603,0.504706,0.701291,0.186570,-0.405127,-0.686450
0.381879,0.997004,-0.225617,-0.304498,-0.579948,0.254292,-0.237198,0.272664,0.671408
-0.815580,-0.959268,-0.404723,0.870381,-0.009527,0.183134,-0.353329,0.201116,0.457300
0.655690,0.523775,-0.233421,-0.382045,0.784948,-0.835336,0.100829,-0.232349,-0.996033
-0.204218,-0.541286,-0.859196,0.850250,0.506956,-0.372618,0.058713,-0.358527,0.844839
-0.404899,-0.567082,-0.762425,-0.318539,0.337311,-0.283288,-0.175543,-0.577322,0.022465
0.024785,-0.645582,0.279493,-0.862637,-0.351758,-0.087447,0.937073,0.785498,0.840441
-0.809246,0.832897,0.191595,-0.020146,0.718338,0.840953,0.008336,0.023746,-0.442448
0.597669,-0.730053,0.372224,0.110454,-0.006007,-0.658120,0.772012,-0.174932,-0.405749
0.332390,0.744176,0.366137,-0.543755,0.122502,-0.250584,0.179874,-0.394615,0.648249
0.919494,0.669850,0.044566,0.371327,0.710049,0.682289,0.329243,-0.841223,-0.991149
-0.049308,-0.345564,0.670790,-0.141627,-0.286175,0.662065,-0.738451,-0.047594,0.319319
0.930353,0.527583,-0.319546,-0.846818,0.264609,0.335515,0.412042,-0.563850,0.126732
0.735528,0.211004,-0.827295,-0.651227,-0.583885,-0.929737,0.835521,-0.490153,-0.585311
0.379972,0.200969,0.931993,-0.440740,0.357467,0.555722,0.957360,-0.654001,-0.467845
0.256794,-0.825800,-0.399914,0.590950,0.826393,-0.548893,0.297364,-0.186841,0.126001
0.173068,0.646618,-0.587469,0.314193,-0.866500,0.954760,0.124339,-0.259354,-0.004335
-0.757970,-0.255901,0.603377,-0.870840,0.818455,0.950897,-0.858057,0.027121,0.919829
-0.391121,-0.414114,0.962920,-0.877617,-0.889122,0.521473,-0.830139,-0.656123,-0.800387
0.667476,0.486043,0.084178,-0.109248,-0.380471,0.703059,0.864839,0.392260,0.502145
0.667256,-0.019348,0.438162,0.845763,0.474579,0.882713,-0.484298,0.565951,-0.998593
-0.650134,0.339912,-0.592518,-0.807142,-0.686558,-0.853197,-0.320600,-0.839424,0.906642
0.312427,-0.719252,-0.719389,-0.335504,-0.640929,0.915956,-0.630681,0.218333,-0.947253
0.272019,0.659383,-0.242785,-0.914468,0.782818,-0.612271,0.064784,-0.365905,0.972884
0.960358,-0.615528,-0.370614,-0.246170,0.728891,0.474093,0.658491,0.956486,0.546459
0.335569,0.935306,0.178551,0.336768,0.650874,0.855087,-0.013334,-0.785456,-0.083297
-0.815454,0.215631,0.439624,0.880384,-0.909368,-0.654412,0.468784,-0.581339,0.523557
0.292628,0.054271,0.865748,-0.165624,0.322262,0.372810,-0.559381,0.601621,-0.418223
0.408536,0.704077,-0.736614,0.902944,0.230466,-0.185384,-0.170984,-0.578541,0.805299
0.649234,0.960901,-0.017200,0.705528,0.738628,0.468740,0.051911,0.569982,0.999414
0.756853,0.774488,-0.738667,0.572555,0.037337,0.744593,-0.517785,0.912291,0.499974
0.196456,0.756880,0.960133,-0.965313,0.626621,-0.221951,-0.295032,-0.915881,0.977497
-0.652023,0.237742,0.918015,-0.449548,-0.439736,-0.783776,-0.737017,0.173530,-0.214294
-0.078965,0.523215,-0.178704,0.636366,-0.027193,0.140143,-0.181229,0.395492,0.259337
0.669137,-0.826525,-0.277266,-0.552291,0.948283,0.123166,0.826024,-0.413885,-0.042185
0.748418,-0.429207,0.461193,0.685095,-0.413034,0.794839,-0.777548,-0.092287,-0.279366
-0.729674,-0.098870,0.339178,-0.297299,-0.780190,-0.929460,0.641395,0.361470,0.082215
0.637926,0.059190,0.198497,0.535291,-0.576532,0.706309,-0.189610,0.285168,0.923935
0.384532,0.557345,0.846125,-0.452909,-0.857852,0.662334,0.880974,-0.344516,0.801307
0.861841,-0.633456,-0.492847,0.319766,-0.698909,-0.675498,-0.862953,0.652414,-0.363945
0.963404,0.668087,-0.019390,0.988584,0.729161,0.017286,0.536974,-0.907780,-0.293120
0.566284,-0.196903,0.566377,-0.098238,-0.335540,0.550281,0.672295,0.563800,-0.463545
0.628714,-0.958754,-0.557988,-0.153829,0.941929,-0.142557,-0.871666,-0.980259,-0.927021
-0.121003,-0.818485,-0.991813,-0.503598,0.579780,0.718185,-0.124529,-0.303191,-0.725979
0.133494,-0.404651,0.101980,0.431579,0.940929,0.877816,0.623843,0.883384,0.895934
0.799122,0.491689,-0.923289,-0.908231,-0.286682,0.799745,-0.598553,-0.770040,0.964592
-0.958356,-0.737411,0.505762,0.467043,-0.439292,-0.616428,-0.812770,0.354023,-0.157324
0.215356,-0.747761,-0.084669,-0.476254,0.191336,0.820798,-0.295711,0.496455,0.997656
-0.771756,-0.371013,-0.821276,-0.717850,-0.958258,0.935358,0.396284,0.305696,-0.035382
0.396828,0.740403,-0.497007,0.360319,0.546035,-0.266637,0.586017,-0.382132,-0.201848
0.794956,0.135134,0.879353,0.461575,-0.326608,0.840161,-0.756506,0.796540,-0.806087
-0.280666,0.455083,-0.017399,-0.474698,-0.297056,0.296392,0.132671,0.525957,-0.906338
0.047408,0.020183,0.678077,0.891696,-0.706649,-0.485396,0.603373,0.319859,-0.996719
-0.927338,-0.780267,-0.079615,-0.703226,-0.483547,-0.489087,0.379327,0.260333,0.797176
0.741847,-0.014108,-0.535662,0.319388,0.422672,-0.268331,0.441959,0.038446,0.964686
-0.474685,-0.150625,0.552029,0.184504,-0.546632,-0.026831,-0.488054,-0.533354,0.204042
0.158462,0.645929,-0.613595,-0.145170,0.192700,-0.023659,-0.816699,-0.612858,-0.427029
0.243683,0.597297,-0.544220,-0.320178,-0.921609,0.039939,0.239407,-0.178593,0.926379
-0.100083,0.651290,0.207842,-0.433867,0.569034,0.417735,-0.368477,-0.291911,0.944808
-0.747777,-0.470384,0.972490,0.387811,0.671428,-0.026398,-0.864864,0.837625,-0.124488
0.424927,0.248658,0.018240,0.134867,0.732694,0.361531,-0.109163,-0.588901,0.334557
-0.885428,0.159220,-0.226496,-0.549508,-0.184688,0.352881,-0.787077,-0.302717,0.817701
0.912625,0.854976,0.456465,-0.699930,0.480745,-0.143141,-0.877736,0.250156,0.197742
-0.701210,0.204368,0.735296,0.574037,-0.541472,-0.214316,0.076677,-0.220913,-0.891189
0.782808,0.274645,0.009524,0.854715,-0.291254,0.176280,0.224499,0.863152,-0.970528
0.390814,0.848599,-0.207515,-0.826649,-0.179692,0.702318,0.642051,-0.302840,0.746662
0.857079,0.566841,-0.373089,-0.591591,0.679140,-0.875825,0.729068,-0.755281,0.170786
-0.630643,0.844306,0.390156,0.118882,-0.962169,0.226250,0.785698,0.366334,0.984971
-0.496950,-0.615924,0.464023,-0.680180,-0.524687,0.326466,0.575132,-0.451312,0.936849
-0.535883,0.115758,-0.602401,-0.069307,-0.198110,0.928074,0.798025,0.493720,-0.771498
-0.969314,-0.044212,-0.069179,0.324454,0.836955,0.606103,0.795242,-0.722746,-0.091655
-0.222822,0.430374,0.582038,0.694024,0.158551,-0.207655,-0.665092,0.138855,-0.913857
-0.078939,0.120159,0.291338,-0.481193,-0.765378,0.391588,0.195905,-0.644941,0.351005
0.364822,-0.005215,-0.366156,-0.296867,0.521905,-0.695925,0.269633,0.660340,-0.561713
-0.852983,0.942962,0.701096,0.323747,-0.808538,-0.900441,-0.058021,0.405725,-0.044554
-0.388106,0.273236,-0.637405,0.968276,0.719528,0.584355,0.267040,-0.436730,-0.951808
0.475094,-0.921066,-0.104110,0.813004,0.337004,-0.780913,0.185804,0.061644,0.741417
-0.555138,0.539071,0.110952,0.500913,0.636528,0.573329,-0.391766,-0.810967,0.961763
0.133404,0.337481,-0.070458,0.221666,-0.077410,0.902568,0.081096,0.744748,-0.286143
0.313441,0.202706,-0.306471,0.982048,0.218794,-0.607497,0.855548,0.478765,0.988012
0.975220,0.866320,-0.669255,0.799286,0.090883,0.145165,-0.106866,0.966843,0.750900
0.957359,-0.367274,0.753436,0.257192,0.832198,-0.524382,-0.266572,0.362916,0.061181
0.820274,-0.906885,0.013997,0.136894,-0.850935,-0.812062,0.768168,-0.041143,0.999136
-0.241189,0.240798,0.334124,-0.314593,-0.334333,0.853241,-0.661812,0.466255,-0.917710
-0.438511,-0.782329,-0.682856,-0.779887,0.130104,0.683453,-0.547951,0.773886,-0.971360
0.981539,-0.820236,-0.051510,-0.510816,0.723322,0.782089,-0.854522,-0.732920,0.211354
0.799498,0.205231,0.815585,-0.777838,0.903743,-0.713679,0.775447,-0.430741,0.825282
-0.385774,-0.480812,0.889030,-0.350251,0.433831,-0.329992,0.937264,-0.976794,0.168802
-0.733829,-0.244141,-0.625786,-0.977107,0.888379,0.444041,-0.037036,0.226617,-0.674059
-0.161527,-0.002589,0.238229,-0.095555,-0.681334,0.780486,0.441222,-0.449748,0.763937
-0.809819,0.025858,-0.222814,0.114574,0.954617,-0.959608,0.270844,-0.857744,0.198589
-0.078538,-0.171591,-0.705952,0.219117,-0.195466,-0.973814,0.640698,-0.368903,-0.992957
0.172720,0.657081,0.909480,-0.384735,0.817603,-0.411244,0.395848,0.100019,-0.084995
0.574844,-0.604837,0.053113,-0.084670,0.557626,-0.191066,-0.866818,-0.488507,-0.590982
0.792416,-0.678120,0.070856,-0.675056,0.530651,0.959531,-0.811821,0.606247,-0.532694
0.522184,0.045546,0.551490,0.646758,0.797366,0.009967,-0.543372,-0.242709,-0.450970
0.354400,-0.401328,-0.949458,0.735410,0.988672,0.450826,0.732752,-0.356524,0.634999
0.971051,-0.009322,0.764061,-0.726452,0.808820,0.660551,-0.188685,-0.430802,-0.947989
-0.260728,0.901870,0.726943,-0.065040,-0.446451,-0.062038,0.136750,-0.125254,-0.647556
-0.425247,-0.081424,0.809507,0.807561,-0.642593,0.064968,0.487396,0.373562,-0.972426
0.663831,0.193012,-0.238842,-0.922005,-0.254669,0.301859,0.599854,-0.441118,-0.943316
-0.985859,-0.152713,-0.187632,-0.824503,-0.886029,-0.749861,0.940147,0.074648,0.270554
-0.818145,0.730918,0.550607,-0.066210,-0.105228,-0.852647,-0.398054,-0.992457,0.575342
0.428770,-0.275845,0.801039,-0.616688,-0.578922,-0.637016,0.053812,-0.071148,0.965393
0.795109,0.573864,0.508657,-0.408211,0.472177,0.152431,0.584253,0.917384,0.932817
0.649444,0.926579,-0.075201,0.665243,0.256618,-0.858711,-0.981937,0.792817,-0.999998
0.366672,-0.765620,-0.275190,0.075410,0.778689,-0.602396,-0.439767,0.418162,0.646679
-0.433300,0.467581,0.114982,-0.482551,0.440956,-0.128819,-0.912310,-0.431095,0.991396
-0.944019,-0.410012,0.361953,0.336404,-0.229670,0.433872,0.745406,0.319000,0.988527
-0.315698,-0.833310,0.245492,0.747837,-0.919480,-0.171493,0.009351,0.699231,-0.460347
-0.581619,-0.204973,-0.429337,-0.304953,0.919076,-0.961621,-0.349372,0.543470,0.997462
-0.036319,0.663718,-0.243137,-0.064151,-0.774672,-0.321109,0.743650,0.554622,0.280220
0.529519,-0.660503,-0.273033,-0.603690,0.110691,0.596388,0.421340,-0.698072,-0.826099
-0.138410,0.028356,-0.166426,0.248079,0.118427,-0.542037,0.722462,-0.895848,-0.999988
0.805978,0.778250,-0.813246,-0.227288,0.447001,0.734558,0.914194,0.852251,-0.104144
0.922827,-0.429387,0.274675,0.316911,0.789167,0.207058,-0.401609,-0.845664,-0.870043
-0.287536,0.410474,-0.443865,0.453467,-0.052339,-0.263601,-0.798428,-0.024206,-0.075754
-0.244455,0.733762,0.396680,-0.805535,0.256163,-0.044254,0.126935,0.257629,0.794560
-0.982973,-0.966611,0.052513,0.450773,0.591230,-0.173453,-0.547336,0.744264,0.854878
0.049263,0.168481,0.989122,-0.949399,0.703369,-0.119091,0.641254,0.431792,-0.877564
-0.815494,0.333453,0.080696,-0.599066,-0.722163,0.167018,0.989825,0.631902,0.738964
-0.876919,0.698666,-0.172467,0.224254,-0.239811,0.089998,0.431541,0.151822,-0.657374
-0.335505,-0.977479,-0.987225,0.986137,0.318890,0.852297,-0.131213,-0.848422,-0.999514
-0.280515,-0.547324,-0.577786,-0.297703,0.760673,-0.428944,0.824865,0.696769,0.950924
0.923525,-0.456486,0.176709,-0.966694,-0.637469,0.872242,0.978671,0.136622,0.334250
0.675602,-0.397204,0.027466,0.349138,0.491801,0.192672,-0.307537,0.215565,0.031384
-0.016882,0.465716,0.243426,0.691180,-0.293753,0.914243,0.753122,0.750358,0.092981
0.088135,-0.631530,0.865400,-0.885912,0.594344,0.213684,-0.793105,-0.164202,-0.446307
-0.451385,0.806094,0.208787,0.724012,-0.933106,-0.936077,0.308184,-0.451685,-0.306917
-0.889537,-0.231211,-0.177011,-0.057132,0.554533,-0.893609,0.815139,0.113183,0.195339
0.733022,-0.215322,-0.450951,-0.808052,0.734770,-0.480229,-0.505368,0.154932,0.889279
-0.317540,0.799971,0.569944,0.079921,-0.930273,0.609560,-0.364038,0.758134,0.528605
-0.853622,0.684480,-0.723199,0.588699,0.042653,0.791167,-0.520253,-0.748132,-0.147642
0.740853,0.587861,-0.884319,-0.049089,-0.551575,0.523263,0.314639,-0.918908,-0.159243
0.664991,-0.390310,0.943389,0.552426,0.703079,-0.007374,-0.762018,-0.418442,-0.434185
0.858260,-0.419429,-0.839304,-0.376802,-0.511030,0.686249,-0.334103,0.319701,-0.994245
0.998941,-0.307616,0.893543,-0.909157,-0.500214,-0.803349,-0.590312,0.027221,-0.675860
-0.822498,-0.448960,-0.240705,-0.373466,0.991206,-0.406714,0.297050,0.063173,0.676124
0.182560,0.053211,-0.183347,-0.623264,0.233746,0.507683,-0.263471,-0.654997,-0.026653
-0.473274,0.406349,-0.949108,-0.620612,-0.030937,0.342352,0.948540,-0.879842,0.081998
0.121265,0.315104,0.843049,0.154240,0.557425,0.362227,0.670206,0.714766,0.146714
0.721890,0.509583,0.183377,-0.224710,-0.746856,0.411577,0.460927,0.106732,-0.826944
0.580816,-0.859996,0.835367,-0.274170,0.806783,-0.998845,0.268663,-0.804754,0.626356
0.790893,-0.372614,-0.642882,-0.698562,0.474343,0.440816,-0.570205,0.159584,0.853439
0.914227,-0.534899,-0.880524,0.435913,0.560406,-0.391942,-0.321262,0.140234,-0.829523
0.753351,-0.159383,-0.656992,-0.095897,0.906922,-0.659328,0.752193,0.438857,-0.364886
-0.242759,-0.468408,0.526453,-0.904091,-0.209363,0.534911,0.166821,0.192350,0.933944
0.881548,0.481444,-0.236247,0.437333,-0.950312,0.445980,0.229457,0.030821,-0.770701
-0.339327,0.009565,0.677802,0.956628,0.636988,-0.788092,0.708204,-0.198803,0.888337
0.897591,0.356713,0.503754,-0.027856,-0.824512,0.681509,0.678200,0.010607,-0.320995
0.369767,0.050861,0.496903,-0.000348,-0.276515,0.476157,0.870106,0.347638,-0.873678
-0.339057,-0.125601,-0.882709,-0.052709,-0.425738,0.387653,-0.277358,-0.511490,-0.284928
0.293103,-0.283109,0.397769,-0.328375,-0.477739,-0.965828,-0.927800,-0.920632,-0.452753
0.467070,0.521967,-0.941060,-0.842817,0.072485,0.529295,0.837895,0.239674,-0.992869
0.642566,0.990869,-0.152467,-0.118399,0.573060,0.852651,-0.872624,0.258377,0.816090
0.372353,0.258550,0.904003,0.807576,-0.353711,-0.833183,-0.374281,-0.138193,0.974206
0.773194,0.157920,-0.741081,0.507759,-0.438776,0.841509,0.953010,-0.066436,-0.161434
0.531469,0.073818,-0.041910,0.657135,-0.007719,-0.088028,0.401820,-0.142261,-0.993146
0.369622,0.082438,0.762033,-0.052983,-0.043297,-0.621653,0.300747,-0.120374,0.797541
0.142205,-0.231385,-0.092419,0.801596,-0.754272,0.886490,-0.113046,-0.309881,-0.839504
-0.205304,-0.861897,-0.767486,0.763237,-0.589609,-0.868127,-0.592903,-0.389865,-0.149676
-0.205678,-0.036895,0.595133,-0.663874,0.987655,0.256389,0.261677,0.498365,0.658745
0.131087,-0.512806,0.723594,-0.933932,-0.986879,0.522587,0.101645,0.310153,-0.969973
-0.152929,-0.814202,-0.463035,-0.865856,-0.667953,-0.982152,-0.999655,0.011577,0.735781
0.617754,-0.354204,0.578696,-0.859604,0.095561,0.083725,0.051855,-0.461776,-0.025206
-0.478705,0.941355,0.450983,0.552473,0.163220,0.759636,-0.956982,0.385131,-0.746868
-0.195644,-0.343943,0.138844,-0.115462,-0.222910,-0.508354,0.576997,-0.809734,0.246176
0.130207,0.857525,-0.894500,-0.674218,0.021076,0.378789,-0.321911,-0.615393,-0.996589
-0.729985,0.803414,-0.067576,0.710151,0.880256,0.318592,-0.380544,-0.215212,-0.763236
0.962328,-0.672915,0.836081,0.736985,0.088435,-0.088359,0.241998,0.884307,-0.139525
-0.499934,0.603536,-0.885676,0.061306,0.659471,0.707320,0.079389,-0.830168,-0.967820
-0.785306,0.799220,-0.641721,0.792392,-0.473075,0.657928,-0.001708,0.563720,-0.896912
-0.549108,-0.225857,0.124581,-0.407824,0.550427,0.651776,0.949522,-0.799276,-0.527751
0.976500,0.831564,-0.036873,-0.397934,0.181670,0.994438,0.116976,0.135656,-0.607899
-0.303528,0.531304,-0.440396,-0.473346,-0.038386,-0.378556,0.698527,0.646277,0.101660
0.468503,-0.576502,-0.738163,0.184547,-0.110497,0.845580,-0.264663,-0.136391,0.827690
-0.962429,-0.127207,0.998990,0.607908,-0.987212,-0.769424,-0.277705,-0.640101,-0.919344
-0.594572,-0.936507,0.401467,-0.157334,-0.532340,0.191053,0.657301,-0.151075,-0.999293
-0.118507,-0.444401,0.346886,-0.544786,0.458431,-0.335182,0.103080,-0.615047,-0.952883
0.201426,-0.983432,0.024373,0.221940,0.141749,-0.066184,-0.655237,0.427105,-0.700324
0.271013,-0.653431,-0.630025,-0.116949,0.877117,0.549143,0.039049,-0.919418,-0.867082
0.767303,0.025990,0.986971,-0.934815,-0.300083,0.464702,-0.815622,0.742874,-0.708713
-0.360250,-0.284043,-0.366272,0.746679,-0.221793,-0.628547,0.634383,-0.422843,0.940084
-0.419764,-0.393023,0.714605,0.802714,-0.674713,-0.041047,-0.797049,0.978676,0.841642
-0.147356,0.768771,0.383005,-0.668396,-0.837275,0.262515,0.116178,-0.843390,0.414980
-0.199219,-0.970034,-0.246185,-0.068692,0.067722,0.465750,0.549791,0.387697,-0.164740
-0.213916,0.449893,0.898338,0.888268,0.031707,0.544896,0.745358,0.183663,0.347095
-0.821095,-0.260820,-0.805774,0.625599,0.971880,0.708187,-0.929266,-0.270743,0.391748
-0.610888,0.452735,-0.156066,0.714179,0.059213,0.919876,0.147934,0.057517,0.873262
0.041013,0.860265,0.501187,0.477994,0.895145,0.891684,0.160039,-0.542248,-0.426686
-0.483590,-0.120870,0.448524,-0.791411,0.334063,-0.885592,-0.010668,0.475227,-0.417993
0.013709,-0.151077,0.917575,-0.111573,-0.325071,-0.997674,0.763056,0.628439,0.157861
0.802212,-0.462035,0.446452,-0.835044,0.423632,-0.846534,0.017608,0.805584,-0.958077
-0.518489,0.775027,-0.158203,-0.960635,-0.756371,-0.414266,-0.743320,-0.611994,0.986170
0.932778,0.918746,-0.503746,0.739460,0.075370,-0.475994,-0.870877,-0.836378,-0.256494
-0.187586,0.629439,0.380086,0.622693,-0.429987,0.639098,-0.919926,-0.990212,0.080289
0.535251,0.604018,0.010291,-0.060764,-0.596794,-0.548298,-0.934556,-0.276604,0.217600
0.624819,-0.505514,0.006334,0.028769,-0.586676,0.860172,0.780878,-0.690819,0.223801
0.165729,0.174623,-0.027385,-0.998101,-0.461012,0.951131,-0.309923,0.274973,-0.249118
0.814317,-0.944886,0.896878,-0.547438,-0.359068,-0.965441,0.180528,-0.559860,0.187729
0.336805,0.317656,0.204927,-0.884061,-0.279374,-0.222850,-0.280551,0.173565,-0.993777
-0.560667,-0.837349,-0.898467,-0.262210,0.711902,-0.568172,0.822963,-0.452827,-0.533994
-0.623965,0.022048,-0.780240,0.348054,-0.108554,0.278556,-0.745166,0.855340,0.049321
0.552607,0.093392,-0.234112,0.402491,-0.319152,0.384011,-0.203389,0.655692,-0.854538
-0.679982,-0.460505,-0.567695,-0.727979,0.640358,0.126533,0.453272,0.640105,-0.815565
0.032458,0.216439,-0.228368,-0.599997,-0.973388,-0.642110,0.507649,0.359141,0.831818
-0.157445,0.106997,0.357446,0.838880,0.741982,-0.386606,0.432056,-0.014351,-0.851275
-0.223069,0.234196,0.129464,-0.807658,-0.338650,0.971316,-0.591555,-0.669158,0.537028
-0.148697,0.124328,-0.406479,-0.807880,-0.844806,-0.595156,0.649038,-0.272995,0.614357
-0.868074,-0.290833,0.341751,-0.643697,-0.125987,0.193774,-0.959118,-0.199337,-0.603145
-0.525785,-0.020187,-0.091887,0.980393,0.665160,-0.815485,-0.085957,-0.430610,0.804246
0.911896,0.889407,-0.423532,0.567312,0.045598,0.352603,0.733695,-0.482443,0.927616
0.053457,0.910586,-0.865109,-0.396835,0.254800,0.839337,-0.138768,0.738496,-0.965493
-0.021446,0.939323,-0.333274,0.953562,-0.274414,-0.574995,0.105584,-0.614838,0.774482
-0.330799,0.219333,-0.630142,-0.209117,-0.678135,-0.778540,-0.152761,0.738772,0.781525
0.936388,-0.759798,0.754397,0.963045,-0.191321,-0.747168,-0.931126,-0.939502,0.875790
0.061426,0.535826,-0.363631,0.347260,0.281743,0.194969,0.017956,0.339855,-0.873854
0.876671,0.570919,0.033193,0.491684,-0.459548,0.400576,0.983539,-0.978164,-0.851849
0.878916,0.875332,-0.604531,0.484312,-0.043407,-0.624017,0.760134,0.477859,0.540089
0.698947,0.888215,-0.297837,0.418221,-0.036828,0.871532,-0.635914,0.908588,-0.728322
-0.493965,0.076540,-0.533376,-0.157963,-0.035348,0.464221,0.782319,0.135824,0.147100
0.682430,0.907427,0.945867,0.567904,0.413649,-0.476035,0.102632,0.946846,0.908640
0.534421,0.479600,-0.424158,-0.652064,-0.888799,0.852618,-0.300048,0.627675,0.257875
0.802597,0.662536,-0.455355,-0.466296,-0.409834,0.080460,-0.980266,0.891955,0.999950
-0.323459,-0.373498,-0.621585,0.069269,0.071532,0.786282,-0.992264,-0.884440,0.226256
0.082082,-0.150664,-0.640259,-0.440719,0.522349,0.472963,-0.722886,-0.127683,-0.060505
0.009891,0.730430,-0.131456,-0.830128,0.159088,0.776473,-0.282052,0.600943,0.405065
0.701005,-0.330241,-0.966818,-0.432465,0.938923,-0.477455,-0.917653,0.367056,-0.995734
0.006425,0.398488,-0.635778,0.774626,-0.096105,0.220440,0.379428,0.964855,0.154934
0.917631,0.072970,0.514062,-0.769354,0.959035,-0.116082,0.045589,-0.926029,0.609709
-0.205508,-0.449324,0.988826,-0.858122,-0.923158,0.547963,0.056274,-0.810491,-0.936368
0.725230,-0.379684,0.442345,-0.913136,-0.735107,-0.844256,-0.835072,-0.022507,-0.704324
0.481476,-0.339991,-0.844963,-0.461095,-0.771771,0.845735,-0.607604,0.974731,-0.327097
0.865745,-0.823886,0.245472,0.091759,-0.601750,-0.866820,-0.574832,-0.731573,0.965750
0.053543,-0.174533,0.937009,0.634174,0.817560,-0.176186,0.817453,-0.321647,0.890281
0.877731,0.893531,-0.546255,-0.372078,0.352587,-0.761936,0.521465,-0.613450,-0.957057
-0.672338,0.962968,-0.385321,0.617705,0.265090,-0.059319,0.020878,-0.958697,-0.492360
-0.296368,0.652330,-0.043647,-0.453304,-0.595199,0.978106,-0.159841,0.860044,-0.664886
-0.061085,0.204373,0.666559,-0.004865,-0.701896,0.786969,-0.143074,0.747870,-0.064658
-0.218830,0.598983,0.270057,0.914197,-0.571978,-0.877632,-0.873694,-0.378912,-0.987075
-0.722232,-0.287898,0.161424,0.547943,0.154978,-0.331497,0.761715,0.478486,-0.161640
0.481507,-0.357893,-0.236340,-0.667815,-0.872102,-0.645528,-0.436642,-0.432262,-0.863448
-0.844275,-0.271128,0.799001,0.995611,-0.215980,-0.054302,-0.568484,-0.568663,-0.270284
-0.484371,0.906797,-0.792137,0.019009,-0.583632,0.391511,0.321254,0.193455,-0.345981
-0.518843,-0.423952,0.783949,0.833578,-0.538652,-0.038057,-0.471447,-0.804509,-0.786811
0.010913,0.397196,-0.653044,0.290209,0.706142,-0.947022,0.477229,0.812941,0.927744
-0.961271,-0.888304,0.068838,0.561171,-0.921644,-0.411399,-0.260749,0.174470,-0.984811
-0.705135,0.316930,-0.871160,-0.953812,0.093588,-0.782608,0.274900,-0.726861,0.965895
-0.057662,0.569154,0.744111,-0.668690,0.138077,0.215904,0.689793,-0.945175,0.724540
-0.171774,0.985115,-0.398262,-0.151945,-0.569433,-0.573101,-0.181272,0.096475,0.434874
0.204748,-0.931808,-0.001680,0.851783,-0.038762,0.966092,0.677647,-0.819733,-0.913780
-0.967315,0.823774,0.966134,-0.482230,0.474876,0.710087,-0.505893,-0.377662,0.977874
-0.779776,0.036333,0.423465,-0.147219,0.491155,-0.847381,0.150264,-0.055452,-0.265563
-0.614765,-0.323510,-0.501016,-0.719833,0.682660,-0.763212,0.706459,-0.194016,-0.282209
-0.109011,-0.440048,-0.471116,-0.868377,0.120171,-0.375427,-0.913366,-0.030236,-0.890485
0.706007,0.229362,-0.200552,0.892286,-0.422535,-0.823224,-0.081065,0.750298,0.593634
0.404256,0.740213,0.193138,0.301289,0.787486,0.690274,-0.593195,0.162955,0.716673
0.566311,-0.654632,-0.332703,-0.010827,-0.772260,-0.073416,-0.153921,0.248442,-0.745890
0.836263,0.751895,-0.579113,0.750470,-0.250923,-0.198338,-0.491075,-0.973415,-0.933274
-0.979454,-0.111746,0.397391,0.061501,-0.702581,0.097434,-0.782041,0.267493,0.025161
0.550607,0.623031,-0.128900,0.851348,0.271482,-0.498908,-0.587533,0.410270,-0.107881
0.742107,0.867664,0.824956,0.134981,-0.625754,0.081978,0.117679,-0.469555,0.815924
-0.430510,-0.981237,0.790711,-0.833264,-0.380626,0.375956,0.500038,-0.502476,0.466173
0.193621,-0.249540,-0.371391,0.409141,-0.318759,0.067794,0.028966,0.325523,0.878441
-0.562998,-0.985130,-0.037063,0.936481,0.535245,-0.106415,0.360977,0.101268,0.095812
-0.120289,0.836381,-0.065751,0.543285,0.606205,-0.309408,0.254453,-0.746902,-0.025460
0.302603,-0.726078,0.953023,-0.750360,-0.247899,0.835785,0.168139,0.649153,0.734391
0.394774,0.940570,-0.377959,0.812263,0.179255,0.599536,-0.975811,-0.230385,-0.916467
-0.789437,-0.354949,0.033239,0.792027,-0.054622,-0.296039,-0.594507,-0.299560,-0.718971
-0.495632,0.266822,0.149243,0.170437,-0.763688,0.766481,-0.912258,0.265965,-0.614198
0.331731,0.447342,-0.867429,-0.567561,-0.818027,-0.813557,-0.632225,-0.152290,-0.786414
0.930676,0.126653,0.201086,-0.358622,0.305987,-0.876932,0.563162,0.399827,-0.501859
0.367962,0.533208,-0.376874,-0.811504,-0.979697,0.472698,-0.705954,-0.977040,0.282598
0.203547,-0.458818,-0.998768,0.918565,0.902418,-0.547670,0.817418,0.846500,0.744323
0.255338,-0.050149,0.225444,0.286842,-0.026822,0.571812,0.378015,0.152237,-0.511395
-0.833938,0.289423,-0.921793,-0.559180,-0.530602,-0.745845,-0.412745,-0.153396,0.996216
0.860739,-0.361099,-0.429739,-0.583082,-0.536593,-0.283496,-0.458253,0.937117,0.966699
-0.809450,0.606721,-0.095739,-0.214459,0.618901,-0.103684,0.312288,-0.404586,-0.904872
0.716955,-0.122387,-0.913765,0.743093,0.453707,0.900968,0.651673,-0.424152,0.076485
-0.837314,0.568613,0.809688,0.536052,0.239378,0.717985,0.009357,-0.067713,-0.296516
0.710378,0.826871,0.888619,-0.400003,0.587010,-0.034556,-0.089222,0.238808,0.274114
-0.646206,-0.440722,-0.094395,0.306058,-0.796849,-0.497872,0.332253,0.397270,0.680292
-0.154898,0.217447,-0.036284,-0.613568,-0.145807,-0.349225,0.172391,0.351910,-0.666337
0.870066,0.881426,0.846649,0.666940,-0.820704,-0.816400,-0.525362,0.512526,0.992335
0.594312,0.144792,0.497925,-0.184904,-0.845783,0.163888,0.102088,0.920303,-0.975587
-0.298533,-0.991431,-0.962151,-0.933325,-0.812334,0.903961,0.546601,0.529073,-0.225980
0.136106,-0.223664,0.720944,-0.674096,-0.012242,-0.255360,-0.980653,-0.244621,-0.409630
0.465899,0.648026,0.162158,0.501869,-0.616269,0.177441,-0.424705,0.865556,-0.367826
0.494118,-0.170133,-0.260546,0.687745,0.612549,0.637102,-0.375615,0.708190,-0.866501
-0.993745,0.309703,-0.741137,0.375187,0.588370,0.117932,-0.566895,-0.754290,-0.877064
-0.326323,0.957037,0.146850,0.378840,-0.030493,-0.557236,-0.406690,-0.480681,0.759973
0.240425,-0.519003,0.159812,-0.266534,-0.210756,0.622115,-0.502512,0.842983,-0.994341
0.317283,-0.571665,0.700765,-0.445213,0.671031,-0.964308,0.418144,-0.326541,-0.582641
0.373649,-0.707606,-0.709371,-0.138096,0.994505,-0.620137,0.541793,-0.697400,0.452169
0.893686,-0.137382,0.782074,0.698449,-0.941384,0.432474,0.808006,-0.810090,0.299063
-0.259011,-0.296598,-0.189324,0.293990,-0.652496,-0.555870,-0.776715,0.900144,-0.435778
-0.503227,-0.509801,-0.181195,-0.815110,-0.592902,-0.861546,-0.982149,-0.278998,-0.309853
-0.284022,-0.655119,0.010795,0.547040,0.169388,0.315581,-0.219776,0.427808,-0.699923
0.139720,0.904211,0.991124,-0.152568,0.370074,-0.347317,0.206185,0.995371,0.973958
-0.149134,-0.504810,-0.800334,0.790361,0.239373,-0.697246,0.776048,0.551567,0.527053
0.955911,0.654677,0.886320,0.972144,0.487036,-0.214776,-0.905374,0.550928,-0.988903
-0.229495,-0.528087,-0.998810,0.166102,-0.592633,-0.511825,-0.227588,0.603587,0.760399
0.481374,-0.761307,0.941813,0.384332,-0.702783,0.564715,-0.504551,-0.265180,0.985827
-0.725085,0.122088,-0.833525,-0.106458,-0.785675,0.504635,0.555459,0.492788,0.318258
-0.857193,0.359854,-0.428667,-0.781656,0.975156,-0.993585,0.382906,-0.253199,-0.936036
0.177975,-0.281336,-0.301794,0.091113,-0.604375,0.763284,0.570519,0.850943,-0.203763
0.141274,0.594223,-0.430823,0.125326,-0.585905,0.927330,-0.481411,-0.777978,0.150666
-0.605627,-0.166228,0.494474,0.786285,-0.643990,-0.326451,-0.748007,0.781184,0.783483
-0.764708,0.082291,0.268731,-0.618868,0.880231,-0.771428,-0.801736,0.100061,-0.999986
-0.786244,0.379654,0.194708,-0.818425,-0.809213,0.073791,-0.806778,0.133169,0.690581
0.843255,-0.271995,-0.020047,-0.105016,0.794111,0.266277,0.640622,0.213353,-0.983580
-0.834116,-0.476703,-0.283020,-0.294730,0.010083,0.337069,-0.179848,-0.267181,0.144672
0.487373,0.375794,0.648470,0.210913,0.251611,0.416588,-0.226300,-0.047358,0.995065
-0.757984,0.807491,0.454573,-0.938795,0.132208,0.695289,0.255058,0.667116,-0.728574
0.508911,0.115821,-0.429071,0.137396,-0.921338,0.229699,0.167931,-0.427614,-0.996421
-0.847891,-0.830441,0.166603,-0.984372,-0.831694,-0.848683,0.803851,-0.448255,0.777529
-0.087549,0.806846,0.954627,0.933383,-0.200411,-0.009507,0.622917,-0.807915,0.455207
0.002757,0.862955,0.159166,0.792330,0.861260,0.714629,-0.822350,0.711214,-0.390925
0.233799,-0.882718,-0.464198,-0.928552,-0.450246,-0.164417,0.012964,0.811838,0.854475
-0.663839,0.463768,-0.636128,-0.954443,-0.777203,-0.559629,0.046312,0.886110,-0.636928
-0.309700,0.362707,0.594298,-0.533799,-0.076857,-0.724574,-0.692183,0.772315,-0.976712
-0.007869,-0.770832,-0.495595,-0.068548,0.115681,0.261753,-0.580184,-0.429248,0.310902
-0.126840,0.561755,-0.400556,0.162715,-0.215030,-0.425859,-0.965874,-0.191576,-0.955850
0.580771,-0.674697,-0.243456,-0.250219,-0.832071,0.845327,0.412829,0.353401,0.667095
0.693589,0.453214,0.976790,0.449958,-0.668421,-0.909853,0.452571,-0.681731,-0.201140
-0.477316,-0.655527,-0.387896,-0.178602,0.507120,-0.689263,-0.221447,0.829445,0.290871
-0.474938,0.318173,0.207778,-0.507812,-0.589041,0.979587,-0.513192,0.578014,-0.017988
0.256900,-0.288650,-0.264070,0.682483,-0.258719,0.671163,-0.948766,0.459741,-0.685292
-0.179553,0.774357,-0.035115,-0.773272,0.548716,0.138402,-0.860804,-0.508051,0.967577
0.884695,-0.039659,0.186358,-0.250905,-0.126033,0.297522,0.453461,0.632270,0.456328
-0.630259,-0.000035,0.311873,-0.964903,-0.562280,0.065549,0.077802,0.906793,0.540706
