Loaded input data file: in/star.dat
200 data entries with 8 input variables per entry
-0.119658,-0.053446,0.523647,-0.243421,-0.966163,-0.656226,-0.739157,0.574434,-0.770599
0.659440,-0.336142,0.981306,0.871304,0.978424,0.187168,0.280340,0.643070,-0.186262
-0.052491,0.043814,-0.528469,-0.118632,0.274003,-0.756849,0.015876,-0.118190,-0.113613
0.731331,0.460106,0.002471,-0.322664,0.022774,0.705068,0.453615,-0.591135,-0.464414
0.639108,-0.913153,-0.235481,-0.310276,-0.471370,0.553664,-0.793038,-0.977439,-0.100168
0.979003,0.640183,-0.882167,0.613837,-0.792774,-0.842138,-0.075066,0.834130,-0.308914
-0.679394,-0.340510,0.606242,0.328543,0.944792,0.091241,0.067064,0.393884,-0.894625
-0.839310,-0.356983,0.507922,-0.708641,-0.601174,-0.906563,0.620405,0.702784,-0.854659
-0.836134,0.969616,0.830908,0.941962,0.538807,0.143678,0.597660,0.144382,-0.850193
0.497738,0.648288,-0.055121,-0.543427,-0.149446,-0.251554,-0.764802,-0.552009,-0.842073
0.352120,-0.478557,0.388746,-0.869817,0.509975,-0.941388,0.616309,0.955336,0.399729
0.003538,-0.793952,-0.092071,-0.019416,-0.851550,0.528785,0.329496,-0.783177,-0.783590
-0.438699,-0.934506,-0.713204,0.736730,0.300728,-0.851300,-0.849330,0.095359,-0.933329
-0.510780,0.571610,-0.773771,-0.864223,-0.897598,-0.433133,0.095823,0.005578,0.651780
0.122075,-0.012590,0.468035,0.006209,-0.629663,0.863368,-0.054678,-0.889768,-0.999680
-0.520310,-0.857384,-0.314548,-0.878407,0.665907,0.653140,-0.749505,0.783909,-0.400639
0.945826,0.908512,0.207596,-0.834159,0.173813,-0.796397,0.805734,-0.746208,0.878019
-0.240371,0.854878,0.294427,-0.019978,-0.629625,-0.818639,0.698117,-0.181002,-0.505718
0.983679,-0.461855,-0.000685,0.060782,0.873528,0.958656,0.147239,-0.837086,0.317862
-0.246659,0.013587,0.323348,-0.835005,0.373724,0.632826,0.185876,-0.659255,-0.464496
0.903759,-0.667525,0.492592,0.281866,-0.744388,0.995041,0.207186,0.102452,0.778333
0.667362,0.858983,-0.728050,0.247211,-0.875730,0.726222,-0.323686,0.421494,-0.077747
-0.621355,0.281328,-0.981102,-0.726753,0.156566,0.297511,0.031898,0.926897,-0.992103
-0.408888,-0.282200,-0.091393,0.328976,-0.535898,0.733209,-0.210111,0.301942,-0.880140
0.023598,0.845177,-0.452576,0.475703,-0.799683,-0.447837,0.781375,0.263118,0.694799
-0.406054,0.032457,-0.285417,0.039016,0.794697,0.695017,0.118150,-0.423796,0.720911
-0.265284,-0.219242,0.556402,-0.210930,0.094377,0.492482,-0.524128,-0.928819,-0.064570
-0.367193,-0.820166,-0.293464,0.608230,-0.477306,0.695619,0.558212,0.206701,0.983745
0.023557,-0.761510,-0.847657,-0.714749,-0.277608,-0.395808,0.514988,0.650634,0.667455
0.703261,0.517091,0.957029,-0.011814,-0.556509,-0.374606,-0.326588,0.051840,-0.485014
0.411246,0.471672,-0.623669,0.086304,-0.290206,0.864983,-0.998550,-0.884545,0.451016
-0.416088,-0.945705,0.310365,-0.189655,0.536525,0.201511,-0.055987,-0.409963,0.379825
0.457556,-0.794380,0.530781,0.962468,0.645548,-0.367814,-0.201693,-0.558598,0.817300
0.938648,0.553647,-0.694505,-0.717332,0.035944,0.778280,-0.137424,-0.969353,-0.458522
-0.930387,-0.381436,0.138130,-0.078405,0.704462,-0.008789,-0.055801,-0.867612,0.250657
-0.182547,-0.565656,0.855466,0.505035,-0.860096,-0.206684,0.190696,-0.897362,-0.898593
-0.472760,-0.488703,-0.191733,0.046292,-0.455032,-0.190975,0.147562,0.366724,-0.142453
0.605819,-0.010523,-0.475849,-0.359650,0.274969,0.193578,0.225632,-0.629635,-0.804122
-0.216996,0.472786,0.966608,0.311167,0.513504,0.366105,0.280610,-0.720878,-0.333929
0.566332,-0.286865,0.683811,-0.887379,-0.235442,-0.394819,-0.990535,-0.293736,0.897384
0.569439,0.854461,-0.908531,-0.265102,-0.108227,0.408661,-0.562958,-0.560708,-0.793728
-0.073232,0.938122,0.384327,0.808741,-0.763479,0.697518,-0.590138,0.303291,0.534227
-0.849891,0.629044,-0.721480,0.571644,-0.160298,-0.211971,-0.963439,-0.698908,0.928382
0.434932,-0.714250,0.329891,-0.084845,-0.624452,-0.571613,-0.215593,-0.729181,-0.808194
-0.352531,-0.439538,0.472017,0.856555,-0.570674,0.159454,-0.691409,-0.574341,-0.981171
-0.094780,0.983804,-0.300592,0.669503,0.502441,0.692445,0.875395,0.407139,0.183013
0.414537,0.970041,0.558037,0.430015,0.424599,0.406815,0.439897,-0.223276,-0.839817
0.235096,-0.806950,-0.672464,0.252981,-0.581007,0.112375,-0.227166,-0.134081,0.780165
0.835363,0.517446,-0.678409,-0.280110,-0.062406,0.192687,0.279908,0.932644,0.161106
-0.640032,0.720159,0.955228,0.108222,-0.417533,0.358440,-0.863972,0.857636,0.831643
0.481050,-0.146905,0.470852,0.041368,0.604394,0.190313,0.558230,-0.170161,0.358053
0.420822,-0.861348,0.312439,0.453605,-0.700636,0.473022,-0.100935,-0.965002,0.391010
0.679756,-0.314554,-0.488816,0.422284,0.075874,0.672992,-0.545587,-0.509552,-0.095388
0.366786,-0.856920,0.849458,0.782028,-0.431438,-0.156358,-0.989576,-0.065502,-0.019137
-0.535693,-0.131538,0.394770,0.765401,0.137415,0.210142,-0.458491,0.434632,-0.742903
0.735602,0.761170,-0.766449,-0.509695,0.850032,-0.146454,-0.492655,0.798307,0.250427
0.801668,0.613683,0.423592,0.841460,0.243191,0.349044,-0.010902,-0.836952,-0.810618
0.347059,0.773813,-0.199289,-0.470679,0.156578,-0.262037,0.022705,0.724161,0.916810
0.528858,0.285934,0.703446,0.320867,0.940473,0.567561,-0.580323,-0.889971,-0.999731
-0.823065,0.568624,-0.524643,-0.032661,-0.018336,-0.317471,-0.047279,-0.833282,-0.345973
-0.129459,-0.367052,0.529774,-0.218680,0.522354,0.479185,-0.096015,0.257372,-0.279230
-0.010456,0.333583,-0.197468,-0.755574,0.686779,0.642772,0.734788,0.462730,-0.961496
-0.767167,-0.958473,0.635746,0.162339,-0.356670,-0.903350,-0.988385,0.082971,-0.920182
-0.256469,0.943772,-0.712269,0.667648,-0.975427,0.355762,-0.413550,0.880498,-0.125771
0.969329,0.536848,0.548859,0.836223,-0.202524,0.075385,0.730402,-0.301409,0.655501
-0.915913,0.916408,-0.202211,0.023725,0.288725,0.856360,-0.555677,-0.200218,0.468483
0.145225,-0.031676,0.774726,0.818204,0.781188,-0.423900,-0.158194,0.367609,-0.287214
-0.615576,-0.239745,-0.792090,0.569273,-0.750584,-0.368577,-0.326109,0.599259,0.815248
0.132100,0.452166,-0.675232,0.904327,0.441020,0.983858,-0.659816,0.732017,-0.688562
0.781001,0.039466,-0.870840,0.993076,0.070232,0.633673,-0.280623,0.288062,0.934123
0.876537,-0.508377,-0.829417,-0.061405,-0.751587,-0.762382,-0.548634,0.330602,0.058570
0.554813,0.901086,0.212871,0.488329,0.460792,0.384030,0.219661,0.787037,0.108108
-0.132218,0.538406,0.373169,0.391089,-0.952740,0.747094,0.490333,-0.771380,0.739592
0.886013,-0.753172,0.762714,-0.388146,-0.138088,-0.352747,-0.758310,0.436163,0.642951
0.299450,-0.260030,-0.767115,0.278404,0.336560,0.104399,-0.733376,-0.343907,-0.880001
-0.288676,0.528415,-0.480245,-0.372398,-0.917443,-0.551515,0.785822,-0.227210,-0.288032
-0.223808,0.118406,-0.859321,0.731316,0.990331,-0.584140,0.379156,-0.734297,-0.751293
-0.830977,-0.530541,0.163678,-0.104858,-0.460785,0.518234,-0.144709,0.615189,0.306243
-0.876581,-0.553967,0.495706,0.460582,-0.484230,-0.298548,0.709866,0.631504,0.872227
-0.633707,-0.402854,0.441812,0.754251,-0.607871,0.929997,0.928634,0.075246,-0.181107
0.491974,-0.539406,0.733139,-0.122653,-0.855257,-0.118918,-0.095344,0.592043,0.879782
-0.798845,-0.798670,-0.963848,0.568756,-0.503884,-0.613765,0.851050,0.917079,0.915885
-0.711801,-0.888809,-0.425661,-0.735005,0.859817,-0.611024,-0.098346,0.307003,0.625992
0.018041,0.567991,0.535889,-0.875532,0.836680,-0.292360,-0.390109,-0.437125,-0.443016
-0.168621,0.649340,-0.874121,0.392152,0.367829,0.546158,0.613698,0.078377,0.967995
0.598339,0.135551,0.815747,0.124854,-0.369466,-0.143396,0.789014,0.457760,-0.913183
0.063459,-0.596133,0.891040,-0.815974,-0.661841,-0.920469,0.189558,-0.328730,-0.777758
-0.377511,0.175330,0.558538,0.577503,-0.306673,0.496690,0.638773,0.727624,-0.121921
0.720638,0.762277,-0.117614,-0.285987,-0.297649,-0.868760,0.513324,0.737380,0.884593
-0.589603,0.828519,0.016551,-0.933029,0.547294,0.703442,0.965358,0.583429,0.999271
0.681344,-0.535498,-0.862037,0.863191,-0.477501,0.368459,-0.383231,0.678188,-0.863380
-0.720297,0.335995,-0.343989,0.114002,-0.342566,-0.743498,-0.929868,-0.667202,0.561292
-0.369145,0.227556,0.566443,-0.447651,-0.758833,-0.827911,-0.716593,0.156259,-0.845155
-0.270252,-0.134848,-0.275798,-0.543061,0.102491,0.793459,0.915247,-0.941814,0.967248
0.420776,-0.829368,0.579815,-0.286811,-0.563430,0.854834,0.930029,0.748876,-0.967709
-0.987863,-0.940928,-0.832097,-0.598384,-0.092960,0.121253,-0.204333,-0.863734,0.954693
0.744433,-0.447176,-0.177645,0.219217,-0.316187,0.586348,-0.359337,0.292492,0.505207
0.456311,0.562751,0.835075,0.236739,-0.507111,-0.556057,0.185198,0.512713,0.301587
-0.721606,0.159260,0.427164,-0.110077,0.331915,-0.956120,-0.835297,0.163508,-0.495484
-0.559210,0.723462,0.388462,-0.494253,-0.609079,0.108120,0.644811,-0.137177,0.730140
-0.664083,-0.956312,-0.956804,0.056023,-0.119610,0.362032,0.351752,0.421405,-0.070276
-0.123211,-0.336027,-0.061876,0.817701,-0.392508,0.552277,0.187951,0.266610,-0.899870
0.866744,-0.606620,-0.526188,0.549053,0.984824,-0.395606,-0.154382,-0.240400,-0.279904
-0.218741,0.242588,0.643001,0.050981,0.326518,0.455104,0.908137,-0.061389,-0.935225
-0.384429,-0.848482,-0.813002,-0.739373,-0.441471,0.379827,0.239673,-0.278320,0.991178
-0.377200,-0.776508,0.866539,-0.207724,0.969307,0.395367,0.023676,0.160030,0.622669
0.031140,-0.817141,-0.644226,-0.779185,-0.666907,0.416226,-0.531327,-0.958283,0.590797
-0.053958,-0.742878,0.106011,-0.124711,-0.020869,-0.054022,0.270154,-0.939106,-0.678832
-0.218302,0.229012,0.537711,-0.509081,0.158814,0.743717,-0.749772,0.917512,0.981362
0.179552,0.573913,0.862660,-0.093814,-0.417580,-0.251129,0.599257,0.395852,-0.945929
0.836754,0.821272,-0.851369,0.626412,0.369154,0.938960,0.840211,0.516854,0.944018
0.169890,-0.987402,0.503185,0.180128,0.789578,0.384078,-0.836321,0.544551,0.029063
0.252599,0.646454,0.845968,0.435075,0.926183,-0.746477,-0.580602,-0.879916,-0.953798
0.645618,-0.672770,0.599102,0.185563,-0.492847,0.620529,0.829559,0.147198,-0.986586
0.945644,-0.781740,0.909981,0.025977,-0.747906,-0.409826,-0.732227,0.398423,0.978126
0.042194,0.846161,-0.748373,0.513661,-0.476766,-0.419273,0.913622,-0.229185,-0.665618
0.609082,0.022221,-0.106208,-0.228389,-0.598155,0.839968,0.388515,0.368831,-0.544964
0.962159,-0.071706,0.129014,-0.723181,0.210862,-0.995473,-0.434256,0.637909,0.422040
-0.929682,-0.332393,0.194143,0.792237,0.345560,0.011237,0.922024,-0.268851,0.196326
0.056463,-0.538717,-0.169111,-0.768040,-0.647409,-0.679631,0.749065,0.269497,-0.274360
-0.727753,0.124773,0.801821,-0.659695,-0.111274,-0.785282,0.927934,0.061713,0.995867
-0.734006,-0.416323,-0.022691,0.407452,0.676704,0.972763,0.276690,-0.752646,-0.915528
0.906257,0.852477,0.528858,0.126196,-0.526900,0.949446,0.323933,-0.464716,0.632059
0.534513,0.802653,0.764529,0.178922,-0.842425,-0.593649,-0.209768,-0.839934,-0.534156
-0.126065,-0.317047,-0.076249,0.583452,0.600553,-0.774864,0.799001,0.717903,-0.921777
0.260451,-0.227973,0.221546,-0.654557,-0.448906,0.802172,0.720681,0.307039,-0.243170
-0.669333,0.513168,-0.052812,0.117794,-0.966231,0.192944,0.110353,0.580481,-0.818979
0.391669,0.902760,-0.077431,0.531289,-0.377620,0.330407,0.387900,0.529564,0.996706
-0.257064,0.837714,0.645272,0.539585,-0.644924,0.544828,-0.929202,-0.343332,-0.974873
0.931805,-0.839323,0.279302,-0.463177,-0.580936,0.883293,-0.668980,-0.997350,0.531931
0.522493,-0.594833,0.067298,-0.392973,-0.718184,-0.234707,-0.303804,-0.792289,0.617880
-0.536062,-0.738639,-0.202741,-0.346223,0.113705,0.322488,0.130454,-0.211256,0.388202
0.461253,-0.180492,-0.409819,-0.224416,0.691170,0.055480,0.856274,-0.098970,0.949179
-0.717733,-0.908748,-0.888677,-0.271703,-0.403939,0.720711,-0.793041,0.762551,-0.007265
-0.407203,-0.409294,-0.991072,-0.491602,0.242373,-0.700838,0.302524,0.408611,-0.551648
-0.338425,0.673776,-0.834324,0.787732,0.023818,0.533977,-0.624720,0.661169,-0.994947
0.312914,0.609762,0.314202,-0.915917,0.083078,0.873963,-0.378619,-0.460364,-0.693496
0.402936,-0.699692,-0.955112,-0.954828,-0.730632,-0.469655,0.355413,0.232560,0.762524
0.172525,-0.570130,-0.430822,0.638125,-0.764217,-0.444260,-0.711410,-0.581584,-0.668138
0.808066,-0.164063,0.306809,0.507342,-0.745092,0.620696,0.794757,-0.720246,-0.913877
0.106314,-0.533677,-0.608367,0.936627,-0.435184,-0.311160,-0.540355,0.569912,0.736575
0.653376,0.563494,0.029244,-0.272748,-0.147031,0.776802,0.899525,-0.727394,-0.312214
-0.107974,-0.859800,0.638710,0.800180,-0.857306,-0.265067,0.351407,0.590960,-0.493949
-0.850353,0.251021,0.650842,0.073198,-0.663522,0.717079,-0.285818,-0.842800,0.584191
-0.975914,-0.484667,-0.800427,0.156420,-0.899116,-0.047577,-0.371540,-0.580565,-0.042537
-0.130084,0.740340,-0.867796,0.383267,0.201551,0.933752,0.584860,0.551780,-0.959697
-0.684378,-0.707031,-0.165431,-0.128464,0.486666,-0.559185,0.517085,0.536601,-0.544947
0.015395,0.482914,0.231447,0.885226,-0.810990,0.988166,-0.732043,0.069427,0.998372
0.416063,-0.245765,0.477833,-0.194246,-0.223297,0.420406,0.650282,0.519284,-0.774983
-0.863204,-0.355498,-0.214904,0.870332,-0.660100,0.398278,-0.109316,0.503746,0.765152
0.270811,-0.869678,0.133328,-0.898284,-0.955912,-0.793607,0.937017,-0.594796,0.262301
0.539819,0.310198,0.236375,0.958102,0.340626,-0.845705,0.419827,-0.242407,0.404799
-0.453413,-0.332154,0.496085,0.241808,0.123987,0.077690,0.400886,-0.633276,-0.833295
-0.378219,-0.586819,-0.936853,0.211297,-0.087707,0.012050,0.517873,-0.318169,-0.742138
0.928963,0.635942,0.499735,-0.707743,-0.617266,-0.985638,-0.775635,0.869849,-0.943855
-0.268089,-0.547656,0.585391,0.898733,0.985899,0.241858,-0.685664,0.065251,-0.317641
-0.165254,0.837220,0.345610,-0.424069,-0.959511,-0.454019,-0.067445,-0.111497,0.013018
0.762635,0.519264,-0.139963,-0.218113,0.218560,-0.139667,0.979751,-0.000390,-0.223333
-0.162969,0.942048,-0.040126,0.593587,0.657935,0.962940,0.276686,0.100241,-0.846626
-0.666736,-0.126623,-0.563676,-0.774666,0.166539,0.071788,-0.433593,-0.539117,0.993731
-0.199797,-0.442055,0.720526,-0.948583,-0.235388,0.352053,0.237328,-0.107010,-0.999661
0.427939,0.591044,0.984600,0.459853,-0.538741,-0.293023,-0.020080,0.009348,0.998698
-0.825356,0.360928,0.321313,0.363417,0.993389,-0.160700,-0.220426,-0.001454,-0.851720
0.129315,0.770238,-0.968736,0.031969,-0.254750,-0.359859,0.309653,-0.237799,-0.844125
0.831342,-0.252657,0.005554,-0.352690,-0.642165,0.366357,-0.031231,0.171158,0.932836
0.129672,-0.610252,-0.188265,0.984458,-0.998159,-0.142091,-0.648502,0.937258,-0.435777
-0.152133,-0.756392,-0.269975,0.464846,-0.260303,0.851990,0.791302,-0.167453,0.023656
0.041289,0.476779,-0.454205,-0.922074,0.781168,-0.936075,0.852041,0.939422,-0.348704
0.405801,-0.181549,0.149020,0.646751,0.954936,-0.206489,-0.547226,-0.180907,0.485449
0.980620,-0.142754,-0.002117,0.616603,0.504706,0.701291,0.186570,-0.405127,-0.686450
0.381879,0.997004,-0.225617,-0.304498,-0.579948,0.254292,-0.237198,0.272664,0.671408
-0.815580,-0.959268,-0.404723,0.870381,-0.009527,0.183134,-0.353329,0.201116,0.457300
0.655690,0.523775,-0.233421,-0.382045,0.784948,-0.835336,0.100829,-0.232349,-0.996033
-0.204218,-0.541286,-0.859196,0.850250,0.506956,-0.372618,0.058713,-0.358527,0.844839
-0.404899,-0.567082,-0.762425,-0.318539,0.337311,-0.283288,-0.175543,-0.577322,0.022465
0.024785,-0.645582,0.279493,-0.862637,-0.351758,-0.087447,0.937073,0.785498,0.840441
-0.809246,0.832897,0.191595,-0.020146,0.718338,0.840953,0.008336,0.023746,-0.442448
0.597669,-0.730053,0.372224,0.110454,-0.006007,-0.658120,0.772012,-0.174932,-0.405749
0.332390,0.744176,0.366137,-0.543755,0.122502,-0.250584,0.179874,-0.394615,0.648249
0.919494,0.669850,0.044566,0.371327,0.710049,0.682289,0.329243,-0.841223,-0.991149
-0.049308,-0.345564,0.670790,-0.141627,-0.286175,0.662065,-0.738451,-0.047594,0.319319
0.930353,0.527583,-0.319546,-0.846818,0.264609,0.335515,0.412042,-0.563850,0.126732
0.735528,0.211004,-0.827295,-0.651227,-0.583885,-0.929737,0.835521,-0.490153,-0.585311
0.379972,0.200969,0.931993,-0.440740,0.357467,0.555722,0.957360,-0.654001,-0.467845
0.256794,-0.825800,-0.399914,0.590950,0.826393,-0.548893,0.297364,-0.186841,0.126001
0.173068,0.646618,-0.587469,0.314193,-0.866500,0.954760,0.124339,-0.259354,-0.004335
-0.757970,-0.255901,0.603377,-0.870840,0.818455,0.950897,-0.858057,0.027121,0.919829
-0.391121,-0.414114,0.962920,-0.877617,-0.889122,0.521473,-0.830139,-0.656123,-0.800387
0.667476,0.486043,0.084178,-0.109248,-0.380471,0.703059,0.864839,0.392260,0.502145
0.667256,-0.019348,0.438162,0.845763,0.474579,0.882713,-0.484298,0.565951,-0.998593
-0.650134,0.339912,-0.592518,-0.807142,-0.686558,-0.853197,-0.320600,-0.839424,0.906642
0.312427,-0.719252,-0.719389,-0.335504,-0.640929,0.915956,-0.630681,0.218333,-0.947253
0.272019,0.659383,-0.242785,-0.914468,0.782818,-0.612271,0.064784,-0.365905,0.972884
0.960358,-0.615528,-0.370614,-0.246170,0.728891,0.474093,0.658491,0.956486,0.546459
0.335569,0.935306,0.178551,0.336768,0.650874,0.855087,-0.013334,-0.785456,-0.083297
-0.815454,0.215631,0.439624,0.880384,-0.909368,-0.654412,0.468784,-0.581339,0.523557
0.292628,0.054271,0.865748,-0.165624,0.322262,0.372810,-0.559381,0.601621,-0.418223
0.408536,0.704077,-0.736614,0.902944,0.230466,-0.185384,-0.170984,-0.578541,0.805299
0.649234,0.960901,-0.017200,0.705528,0.738628,0.468740,0.051911,0.569982,0.999414
0.756853,0.774488,-0.738667,0.572555,0.037337,0.744593,-0.517785,0.912291,0.499974
0.196456,0.756880,0.960133,-0.965313,0.626621,-0.221951,-0.295032,-0.915881,0.977497
-0.652023,0.237742,0.918015,-0.449548,-0.439736,-0.783776,-0.737017,0.173530,-0.214294
-0.078965,0.523215,-0.178704,0.636366,-0.027193,0.140143,-0.181229,0.395492,0.259337
0.669137,-0.826525,-0.277266,-0.552291,0.948283,0.123166,0.826024,-0.413885,-0.042185
0.748418,-0.429207,0.461193,0.685095,-0.413034,0.794839,-0.777548,-0.092287,-0.279366
-0.729674,-0.098870,0.339178,-0.297299,-0.780190,-0.929460,0.641395,0.361470,0.082215
0.637926,0.059190,0.198497,0.535291,-0.576532,0.706309,-0.189610,0.285168,0.923935
0.384532,0.557345,0.846125,-0.452909,-0.857852,0.662334,0.880974,-0.344516,0.801307
0.861841,-0.633456,-0.492847,0.319766,-0.698909,-0.675498,-0.862953,0.652414,-0.363945
0.963404,0.668087,-0.019390,0.988584,0.729161,0.017286,0.536974,-0.907780,-0.293120
0.566284,-0.196903,0.566377,-0.098238,-0.335540,0.550281,0.672295,0.563800,-0.463545
0.628714,-0.958754,-0.557988,-0.153829,0.941929,-0.142557,-0.871666,-0.980259,-0.927021
-0.121003,-0.818485,-0.991813,-0.503598,0.579780,0.718185,-0.124529,-0.303191,-0.725979
0.133494,-0.404651,0.101980,0.431579,0.940929,0.877816,0.623843,0.883384,0.895934
0.799122,0.491689,-0.923289,-0.908231,-0.286682,0.799745,-0.598553,-0.770040,0.964592
-0.958356,-0.737411,0.505762,0.467043,-0.439292,-0.616428,-0.812770,0.354023,-0.157324
0.215356,-0.747761,-0.084669,-0.476254,0.191336,0.820798,-0.295711,0.496455,0.997656
-0.771756,-0.371013,-0.821276,-0.717850,-0.958258,0.935358,0.396284,0.305696,-0.035382
0.396828,0.740403,-0.497007,0.360319,0.546035,-0.266637,0.586017,-0.382132,-0.201848
0.794956,0.135134,0.879353,0.461575,-0.326608,0.840161,-0.756506,0.796540,-0.806087
-0.280666,0.455083,-0.017399,-0.474698,-0.297056,0.296392,0.132671,0.525957,-0.906338
0.047408,0.020183,0.678077,0.891696,-0.706649,-0.485396,0.603373,0.319859,-0.996719
-0.927338,-0.780267,-0.079615,-0.703226,-0.483547,-0.489087,0.379327,0.260333,0.797176
0.741847,-0.014108,-0.535662,0.319388,0.422672,-0.268331,0.441959,0.038446,0.964686
-0.474685,-0.150625,0.552029,0.184504,-0.546632,-0.026831,-0.488054,-0.533354,0.204042
0.158462,0.645929,-0.613595,-0.145170,0.192700,-0.023659,-0.816699,-0.612858,-0.427029
0.243683,0.597297,-0.544220,-0.320178,-0.921609,0.039939,0.239407,-0.178593,0.926379
-0.100083,0.651290,0.207842,-0.433867,0.569034,0.417735,-0.368477,-0.291911,0.944808
-0.747777,-0.470384,0.972490,0.387811,0.671428,-0.026398,-0.864864,0.837625,-0.124488
0.424927,0.248658,0.018240,0.134867,0.732694,0.361531,-0.109163,-0.588901,0.334557
-0.885428,0.159220,-0.226496,-0.549508,-0.184688,0.352881,-0.787077,-0.302717,0.817701
0.912625,0.854976,0.456465,-0.699930,0.480745,-0.143141,-0.877736,0.250156,0.197742
-0.701210,0.204368,0.735296,0.574037,-0.541472,-0.214316,0.076677,-0.220913,-0.891189
0.782808,0.274645,0.009524,0.854715,-0.291254,0.176280,0.224499,0.863152,-0.970528
0.390814,0.848599,-0.207515,-0.826649,-0.179692,0.702318,0.642051,-0.302840,0.746662
0.857079,0.566841,-0.373089,-0.591591,0.679140,-0.875825,0.729068,-0.755281,0.170786
-0.630643,0.844306,0.390156,0.118882,-0.962169,0.226250,0.785698,0.366334,0.984971
-0.496950,-0.615924,0.464023,-0.680180,-0.524687,0.326466,0.575132,-0.451312,0.936849
-0.535883,0.115758,-0.602401,-0.069307,-0.198110,0.928074,0.798025,0.493720,-0.771498
-0.969314,-0.044212,-0.069179,0.324454,0.836955,0.606103,0.795242,-0.722746,-0.091655
-0.222822,0.430374,0.582038,0.694024,0.158551,-0.207655,-0.665092,0.138855,-0.913857
-0.078939,0.120159,0.291338,-0.481193,-0.765378,0.391588,0.195905,-0.644941,0.351005
0.364822,-0.005215,-0.366156,-0.296867,0.521905,-0.695925,0.269633,0.660340,-0.561713
-0.852983,0.942962,0.701096,0.323747,-0.808538,-0.900441,-0.058021,0.405725,-0.044554
-0.388106,0.273236,-0.637405,0.968276,0.719528,0.584355,0.267040,-0.436730,-0.951808
0.475094,-0.921066,-0.104110,0.813004,0.337004,-0.780913,0.185804,0.061644,0.741417
-0.555138,0.539071,0.110952,0.500913,0.636528,0.573329,-0.391766,-0.810967,0.961763
0.133404,0.337481,-0.070458,0.221666,-0.077410,0.902568,0.081096,0.744748,-0.286143
0.313441,0.202706,-0.306471,0.982048,0.218794,-0.607497,0.855548,0.478765,0.988012
0.975220,0.866320,-0.669255,0.799286,0.090883,0.145165,-0.106866,0.966843,0.750900
0.957359,-0.367274,0.753436,0.257192,0.832198,-0.524382,-0.266572,0.362916,0.061181
0.820274,-0.906885,0.013997,0.136894,-0.850935,-0.812062,0.768168,-0.041143,0.999136
-0.241189,0.240798,0.334124,-0.314593,-0.334333,0.853241,-0.661812,0.466255,-0.917710
-0.438511,-0.782329,-0.682856,-0.779887,0.130104,0.683453,-0.547951,0.773886,-0.971360
0.981539,-0.820236,-0.051510,-0.510816,0.723322,0.782089,-0.854522,-0.732920,0.211354
0.799498,0.205231,0.815585,-0.777838,0.903743,-0.713679,0.775447,-0.430741,0.825282
-0.385774,-0.480812,0.889030,-0.350251,0.433831,-0.329992,0.937264,-0.976794,0.168802
-0.733829,-0.244141,-0.625786,-0.977107,0.888379,0.444041,-0.037036,0.226617,-0.674059
-0.161527,-0.002589,0.238229,-0.095555,-0.681334,0.780486,0.441222,-0.449748,0.763937
-0.809819,0.025858,-0.222814,0.114574,0.954617,-0.959608,0.270844,-0.857744,0.198589
-0.078538,-0.171591,-0.705952,0.219117,-0.195466,-0.973814,0.640698,-0.368903,-0.992957
0.172720,0.657081,0.909480,-0.384735,0.817603,-0.411244,0.395848,0.100019,-0.084995
0.574844,-0.604837,0.053113,-0.084670,0.557626,-0.191066,-0.866818,-0.488507,-0.590982
0.792416,-0.678120,0.070856,-0.675056,0.530651,0.959531,-0.811821,0.606247,-0.532694
0.522184,0.045546,0.551490,0.646758,0.797366,0.009967,-0.543372,-0.242709,-0.450970
0.354400,-0.401328,-0.949458,0.735410,0.988672,0.450826,0.732752,-0.356524,0.634999
0.971051,-0.009322,0.764061,-0.726452,0.808820,0.660551,-0.188685,-0.430802,-0.947989
-0.260728,0.901870,0.726943,-0.065040,-0.446451,-0.062038,0.136750,-0.125254,-0.647556
-0.425247,-0.081424,0.809507,0.807561,-0.642593,0.064968,0.487396,0.373562,-0.972426
0.663831,0.193012,-0.238842,-0.922005,-0.254669,0.301859,0.599854,-0.441118,-0.943316
-0.985859,-0.152713,-0.187632,-0.824503,-0.886029,-0.749861,0.940147,0.074648,0.270554
-0.818145,0.730918,0.550607,-0.066210,-0.105228,-0.852647,-0.398054,-0.992457,0.575342
0.428770,-0.275845,0.801039,-0.616688,-0.578922,-0.637016,0.053812,-0.071148,0.965393
0.795109,0.573864,0.508657,-0.408211,0.472177,0.152431,0.584253,0.917384,0.932817
0.649444,0.926579,-0.075201,0.665243,0.256618,-0.858711,-0.981937,0.792817,-0.999998
0.366672,-0.765620,-0.275190,0.075410,0.778689,-0.602396,-0.439767,0.418162,0.646679
-0.433300,0.467581,0.114982,-0.482551,0.440956,-0.128819,-0.912310,-0.431095,0.991396
-0.944019,-0.410012,0.361953,0.336404,-0.229670,0.433872,0.745406,0.319000,0.988527
-0.315698,-0.833310,0.245492,0.747837,-0.919480,-0.171493,0.009351,0.699231,-0.460347
-0.581619,-0.204973,-0.429337,-0.304953,0.919076,-0.961621,-0.349372,0.543470,0.997462
-0.036319,0.663718,-0.243137,-0.064151,-0.774672,-0.321109,0.743650,0.554622,0.280220
0.529519,-0.660503,-0.273033,-0.603690,0.110691,0.596388,0.421340,-0.698072,-0.826099
-0.138410,0.028356,-0.166426,0.248079,0.118427,-0.542037,0.722462,-0.895848,-0.999988
0.805978,0.778250,-0.813246,-0.227288,0.447001,0.734558,0.914194,0.852251,-0.104144
0.922827,-0.429387,0.274675,0.316911,0.789167,0.207058,-0.401609,-0.845664,-0.870043
-0.287536,0.410474,-0.443865,0.453467,-0.052339,-0.263601,-0.798428,-0.024206,-0.075754
-0.244455,0.733762,0.396680,-0.805535,0.256163,-0.044254,0.126935,0.257629,0.794560
-0.982973,-0.966611,0.052513,0.450773,0.591230,-0.173453,-0.547336,0.744264,0.854878
0.049263,0.168481,0.989122,-0.949399,0.703369,-0.119091,0.641254,0.431792,-0.877564
-0.815494,0.333453,0.080696,-0.599066,-0.722163,0.167018,0.989825,0.631902,0.738964
-0.876919,0.698666,-0.172467,0.224254,-0.239811,0.089998,0.431541,0.151822,-0.657374
-0.335505,-0.977479,-0.987225,0.986137,0.318890,0.852297,-0.131213,-0.848422,-0.999514
-0.280515,-0.547324,-0.577786,-0.297703,0.760673,-0.428944,0.824865,0.696769,0.950924
0.923525,-0.456486,0.176709,-0.966694,-0.637469,0.872242,0.978671,0.136622,0.334250
0.675602,-0.397204,0.027466,0.349138,0.491801,0.192672,-0.307537,0.215565,0.031384
-0.016882,0.465716,0.243426,0.691180,-0.293753,0.914243,0.753122,0.750358,0.092981
0.088135,-0.631530,0.865400,-0.885912,0.594344,0.213684,-0.793105,-0.164202,-0.446307
-0.451385,0.806094,0.208787,0.724012,-0.933106,-0.936077,0.308184,-0.451685,-0.306917
-0.889537,-0.231211,-0.177011,-0.057132,0.554533,-0.893609,0.815139,0.113183,0.195339
0.733022,-0.215322,-0.450951,-0.808052,0.734770,-0.480229,-0.505368,0.154932,0.889279
-0.317540,0.799971,0.569944,0.079921,-0.930273,0.609560,-0.364038,0.758134,0.528605
-0.853622,0.684480,-0.723199,0.588699,0.042653,0.791167,-0.520253,-0.748132,-0.147642
0.740853,0.587861,-0.884319,-0.049089,-0.551575,0.523263,0.314639,-0.918908,-0.159243
0.664991,-0.390310,0.943389,0.552426,0.703079,-0.007374,-0.762018,-0.418442,-0.434185
0.858260,-0.419429,-0.839304,-0.376802,-0.511030,0.686249,-0.334103,0.319701,-0.994245
0.998941,-0.307616,0.893543,-0.909157,-0.500214,-0.803349,-0.590312,0.027221,-0.675860
-0.822498,-0.448960,-0.240705,-0.373466,0.991206,-0.406714,0.297050,0.063173,0.676124
0.182560,0.053211,-0.183347,-0.623264,0.233746,0.507683,-0.263471,-0.654997,-0.026653
-0.473274,0.406349,-0.949108,-0.620612,-0.030937,0.342352,0.948540,-0.879842,0.081998
0.121265,0.315104,0.843049,0.154240,0.557425,0.362227,0.670206,0.714766,0.146714
0.721890,0.509583,0.183377,-0.224710,-0.746856,0.411577,0.460927,0.106732,-0.826944
0.580816,-0.859996,0.835367,-0.274170,0.806783,-0.998845,0.268663,-0.804754,0.626356
0.790893,-0.372614,-0.642882,-0.698562,0.474343,0.440816,-0.570205,0.159584,0.853439
0.914227,-0.534899,-0.880524,0.435913,0.560406,-0.391942,-0.321262,0.140234,-0.829523
0.753351,-0.159383,-0.656992,-0.095897,0.906922,-0.659328,0.752193,0.438857,-0.364886
-0.242759,-0.468408,0.526453,-0.904091,-0.209363,0.534911,0.166821,0.192350,0.933944
0.881548,0.481444,-0.236247,0.437333,-0.950312,0.445980,0.229457,0.030821,-0.770701
-0.339327,0.009565,0.677802,0.956628,0.636988,-0.788092,0.708204,-0.198803,0.888337
0.897591,0.356713,0.503754,-0.027856,-0.824512,0.681509,0.678200,0.010607,-0.320995
0.369767,0.050861,0.496903,-0.000348,-0.276515,0.476157,0.870106,0.347638,-0.873678
-0.339057,-0.125601,-0.882709,-0.052709,-0.425738,0.387653,-0.277358,-0.511490,-0.284928
0.293103,-0.283109,0.397769,-0.328375,-0.477739,-0.965828,-0.927800,-0.920632,-0.452753
0.467070,0.521967,-0.941060,-0.842817,0.072485,0.529295,0.837895,0.239674,-0.992869
0.642566,0.990869,-0.152467,-0.118399,0.573060,0.852651,-0.872624,0.258377,0.816090
0.372353,0.258550,0.904003,0.807576,-0.353711,-0.833183,-0.374281,-0.138193,0.974206
0.773194,0.157920,-0.741081,0.507759,-0.438776,0.841509,0.953010,-0.066436,-0.161434
0.531469,0.073818,-0.041910,0.657135,-0.007719,-0.088028,0.401820,-0.142261,-0.993146
0.369622,0.082438,0.762033,-0.052983,-0.043297,-0.621653,0.300747,-0.120374,0.797541
0.142205,-0.231385,-0.092419,0.801596,-0.754272,0.886490,-0.113046,-0.309881,-0.839504
-0.205304,-0.861897,-0.767486,0.763237,-0.589609,-0.868127,-0.592903,-0.389865,-0.149676
-0.205678,-0.036895,0.595133,-0.663874,0.987655,0.256389,0.261677,0.498365,0.658745
0.131087,-0.512806,0.723594,-0.933932,-0.986879,0.522587,0.101645,0.310153,-0.969973
-0.152929,-0.814202,-0.463035,-0.865856,-0.667953,-0.982152,-0.999655,0.011577,0.735781
0.617754,-0.354204,0.578696,-0.859604,0.095561,0.083725,0.051855,-0.461776,-0.025206
-0.478705,0.941355,0.450983,0.552473,0.163220,0.759636,-0.956982,0.385131,-0.746868
-0.195644,-0.343943,0.138844,-0.115462,-0.222910,-0.508354,0.576997,-0.809734,0.246176
0.130207,0.857525,-0.894500,-0.674218,0.021076,0.378789,-0.321911,-0.615393,-0.996589
-0.729985,0.803414,-0.067576,0.710151,0.880256,0.318592,-0.380544,-0.215212,-0.763236
0.962328,-0.672915,0.836081,0.736985,0.088435,-0.088359,0.241998,0.884307,-0.139525
-0.499934,0.603536,-0.885676,0.061306,0.659471,0.707320,0.079389,-0.830168,-0.967820
-0.785306,0.799220,-0.641721,0.792392,-0.473075,0.657928,-0.001708,0.563720,-0.896912
-0.549108,-0.225857,0.124581,-0.407824,0.550427,0.651776,0.949522,-0.799276,-0.527751
0.976500,0.831564,-0.036873,-0.397934,0.181670,0.994438,0.116976,0.135656,-0.607899
-0.303528,0.531304,-0.440396,-0.473346,-0.038386,-0.378556,0.698527,0.646277,0.101660
0.468503,-0.576502,-0.738163,0.184547,-0.110497,0.845580,-0.264663,-0.136391,0.827690
-0.962429,-0.127207,0.998990,0.607908,-0.987212,-0.769424,-0.277705,-0.640101,-0.919344
-0.594572,-0.936507,0.401467,-0.157334,-0.532340,0.191053,0.657301,-0.151075,-0.999293
-0.118507,-0.444401,0.346886,-0.544786,0.458431,-0.335182,0.103080,-0.615047,-0.952883
0.201426,-0.983432,0.024373,0.221940,0.141749,-0.066184,-0.655237,0.427105,-0.700324
0.271013,-0.653431,-0.630025,-0.116949,0.877117,0.549143,0.039049,-0.919418,-0.867082
0.767303,0.025990,0.986971,-0.934815,-0.300083,0.464702,-0.815622,0.742874,-0.708713
-0.360250,-0.284043,-0.366272,0.746679,-0.221793,-0.628547,0.634383,-0.422843,0.940084
-0.419764,-0.393023,0.714605,0.802714,-0.674713,-0.041047,-0.797049,0.978676,0.841642
-0.147356,0.768771,0.383005,-0.668396,-0.837275,0.262515,0.116178,-0.843390,0.414980
-0.199219,-0.970034,-0.246185,-0.068692,0.067722,0.465750,0.549791,0.387697,-0.164740
-0.213916,0.449893,0.898338,0.888268,0.031707,0.544896,0.745358,0.183663,0.347095
-0.821095,-0.260820,-0.805774,0.625599,0.971880,0.708187,-0.929266,-0.270743,0.391748
-0.610888,0.452735,-0.156066,0.714179,0.059213,0.919876,0.147934,0.057517,0.873262
0.041013,0.860265,0.501187,0.477994,0.895145,0.891684,0.160039,-0.542248,-0.426686
-0.483590,-0.120870,0.448524,-0.791411,0.334063,-0.885592,-0.010668,0.475227,-0.417993
0.013709,-0.151077,0.917575,-0.111573,-0.325071,-0.997674,0.763056,0.628439,0.157861
0.802212,-0.462035,0.446452,-0.835044,0.423632,-0.846534,0.017608,0.805584,-0.958077
-0.518489,0.775027,-0.158203,-0.960635,-0.756371,-0.414266,-0.743320,-0.611994,0.986170
0.932778,0.918746,-0.503746,0.739460,0.075370,-0.475994,-0.870877,-0.836378,-0.256494
-0.187586,0.629439,0.380086,0.622693,-0.429987,0.639098,-0.919926,-0.990212,0.080289
0.535251,0.604018,0.010291,-0.060764,-0.596794,-0.548298,-0.934556,-0.276604,0.217600
0.624819,-0.505514,0.006334,0.028769,-0.586676,0.860172,0.780878,-0.690819,0.223801
0.165729,0.174623,-0.027385,-0.998101,-0.461012,0.951131,-0.309923,0.274973,-0.249118
0.814317,-0.944886,0.896878,-0.547438,-0.359068,-0.965441,0.180528,-0.559860,0.187729
0.336805,0.317656,0.204927,-0.884061,-0.279374,-0.222850,-0.280551,0.173565,-0.993777
-0.560667,-0.837349,-0.898467,-0.262210,0.711902,-0.568172,0.822963,-0.452827,-0.533994
-0.623965,0.022048,-0.780240,0.348054,-0.108554,0.278556,-0.745166,0.855340,0.049321
0.552607,0.093392,-0.234112,0.402491,-0.319152,0.384011,-0.203389,0.655692,-0.854538
-0.679982,-0.460505,-0.567695,-0.727979,0.640358,0.126533,0.453272,0.640105,-0.815565
0.032458,0.216439,-0.228368,-0.599997,-0.973388,-0.642110,0.507649,0.359141,0.831818
-0.157445,0.106997,0.357446,0.838880,0.741982,-0.386606,0.432056,-0.014351,-0.851275
-0.223069,0.234196,0.129464,-0.807658,-0.338650,0.971316,-0.591555,-0.669158,0.537028
-0.148697,0.124328,-0.406479,-0.807880,-0.844806,-0.595156,0.649038,-0.272995,0.614357
-0.868074,-0.290833,0.341751,-0.643697,-0.125987,0.193774,-0.959118,-0.199337,-0.603145
-0.525785,-0.020187,-0.091887,0.980393,0.665160,-0.815485,-0.085957,-0.430610,0.804246
0.911896,0.889407,-0.423532,0.567312,0.045598,0.352603,0.733695,-0.482443,0.927616
0.053457,0.910586,-0.865109,-0.396835,0.254800,0.839337,-0.138768,0.738496,-0.965493
-0.021446,0.939323,-0.333274,0.953562,-0.274414,-0.574995,0.105584,-0.614838,0.774482
-0.330799,0.219333,-0.630142,-0.209117,-0.678135,-0.778540,-0.152761,0.738772,0.781525
0.936388,-0.759798,0.754397,0.963045,-0.191321,-0.747168,-0.931126,-0.939502,0.875790
0.061426,0.535826,-0.363631,0.347260,0.281743,0.194969,0.017956,0.339855,-0.873854
0.876671,0.570919,0.033193,0.491684,-0.459548,0.400576,0.983539,-0.978164,-0.851849
0.878916,0.875332,-0.604531,0.484312,-0.043407,-0.624017,0.760134,0.477859,0.540089
0.698947,0.888215,-0.297837,0.418221,-0.036828,0.871532,-0.635914,0.908588,-0.728322
-0.493965,0.076540,-0.533376,-0.157963,-0.035348,0.464221,0.782319,0.135824,0.147100
0.682430,0.907427,0.945867,0.567904,0.413649,-0.476035,0.102632,0.946846,0.908640
0.534421,0.479600,-0.424158,-0.652064,-0.888799,0.852618,-0.300048,0.627675,0.257875
0.802597,0.662536,-0.455355,-0.466296,-0.409834,0.080460,-0.980266,0.891955,0.999950
-0.323459,-0.373498,-0.621585,0.069269,0.071532,0.786282,-0.992264,-0.884440,0.226256
0.082082,-0.150664,-0.640259,-0.440719,0.522349,0.472963,-0.722886,-0.127683,-0.060505
0.009891,0.730430,-0.131456,-0.830128,0.159088,0.776473,-0.282052,0.600943,0.405065
0.701005,-0.330241,-0.966818,-0.432465,0.938923,-0.477455,-0.917653,0.367056,-0.995734
0.006425,0.398488,-0.635778,0.774626,-0.096105,0.220440,0.379428,0.964855,0.154934
0.917631,0.072970,0.514062,-0.769354,0.959035,-0.116082,0.045589,-0.926029,0.609709
-0.205508,-0.449324,0.988826,-0.858122,-0.923158,0.547963,0.056274,-0.810491,-0.936368
0.725230,-0.379684,0.442345,-0.913136,-0.735107,-0.844256,-0.835072,-0.022507,-0.704324
0.481476,-0.339991,-0.844963,-0.461095,-0.771771,0.845735,-0.607604,0.974731,-0.327097
0.865745,-0.823886,0.245472,0.091759,-0.601750,-0.866820,-0.574832,-0.731573,0.965750
0.053543,-0.174533,0.937009,0.634174,0.817560,-0.176186,0.817453,-0.321647,0.890281
0.877731,0.893531,-0.546255,-0.372078,0.352587,-0.761936,0.521465,-0.613450,-0.957057
-0.672338,0.962968,-0.385321,0.617705,0.265090,-0.059319,0.020878,-0.958697,-0.492360
-0.296368,0.652330,-0.043647,-0.453304,-0.595199,0.978106,-0.159841,0.860044,-0.664886
-0.061085,0.204373,0.666559,-0.004865,-0.701896,0.786969,-0.143074,0.747870,-0.064658
-0.218830,0.598983,0.270057,0.914197,-0.571978,-0.877632,-0.873694,-0.378912,-0.987075
-0.722232,-0.287898,0.161424,0.547943,0.154978,-0.331497,0.761715,0.478486,-0.161640
0.481507,-0.357893,-0.236340,-0.667815,-0.872102,-0.645528,-0.436642,-0.432262,-0.863448
-0.844275,-0.271128,0.799001,0.995611,-0.215980,-0.054302,-0.568484,-0.568663,-0.270284
-0.484371,0.906797,-0.792137,0.019009,-0.583632,0.391511,0.321254,0.193455,-0.345981
-0.518843,-0.423952,0.783949,0.833578,-0.538652,-0.038057,-0.471447,-0.804509,-0.786811
0.010913,0.397196,-0.653044,0.290209,0.706142,-0.947022,0.477229,0.812941,0.927744
-0.961271,-0.888304,0.068838,0.561171,-0.921644,-0.411399,-0.260749,0.174470,-0.984811
-0.705135,0.316930,-0.871160,-0.953812,0.093588,-0.782608,0.274900,-0.726861,0.965895
-0.057662,0.569154,0.744111,-0.668690,0.138077,0.215904,0.689793,-0.945175,0.724540
-0.171774,0.985115,-0.398262,-0.151945,-0.569433,-0.573101,-0.181272,0.096475,0.434874
0.204748,-0.931808,-0.001680,0.851783,-0.038762,0.966092,0.677647,-0.819733,-0.913780
-0.967315,0.823774,0.966134,-0.482230,0.474876,0.710087,-0.505893,-0.377662,0.977874
-0.779776,0.036333,0.423465,-0.147219,0.491155,-0.847381,0.150264,-0.055452,-0.265563
-0.614765,-0.323510,-0.501016,-0.719833,0.682660,-0.763212,0.706459,-0.194016,-0.282209
-0.109011,-0.440048,-0.471116,-0.868377,0.120171,-0.375427,-0.913366,-0.030236,-0.890485
0.706007,0.229362,-0.200552,0.892286,-0.422535,-0.823224,-0.081065,0.750298,0.593634
0.404256,0.740213,0.193138,0.301289,0.787486,0.690274,-0.593195,0.162955,0.716673
0.566311,-0.654632,-0.332703,-0.010827,-0.772260,-0.073416,-0.153921,0.248442,-0.745890
0.836263,0.751895,-0.579113,0.750470,-0.250923,-0.198338,-0.491075,-0.973415,-0.933274
-0.979454,-0.111746,0.397391,0.061501,-0.702581,0.097434,-0.782041,0.267493,0.025161
0.550607,0.623031,-0.128900,0.851348,0.271482,-0.498908,-0.587533,0.410270,-0.107881
0.742107,0.867664,0.824956,0.134981,-0.625754,0.081978,0.117679,-0.469555,0.815924
-0.430510,-0.981237,0.790711,-0.833264,-0.380626,0.375956,0.500038,-0.502476,0.466173
0.193621,-0.249540,-0.371391,0.409141,-0.318759,0.067794,0.028966,0.325523,0.878441
-0.562998,-0.985130,-0.037063,0.936481,0.535245,-0.106415,0.360977,0.101268,0.095812
-0.120289,0.836381,-0.065751,0.543285,0.606205,-0.309408,0.254453,-0.746902,-0.025460
0.302603,-0.726078,0.953023,-0.750360,-0.247899,0.835785,0.168139,0.649153,0.734391
0.394774,0.940570,-0.377959,0.812263,0.179255,0.599536,-0.975811,-0.230385,-0.916467
-0.789437,-0.354949,0.033239,0.792027,-0.054622,-0.296039,-0.594507,-0.299560,-0.718971
-0.495632,0.266822,0.149243,0.170437,-0.763688,0.766481,-0.912258,0.265965,-0.614198
0.331731,0.447342,-0.867429,-0.567561,-0.818027,-0.813557,-0.632225,-0.152290,-0.786414
0.930676,0.126653,0.201086,-0.358622,0.305987,-0.876932,0.563162,0.399827,-0.501859
0.367962,0.533208,-0.376874,-0.811504,-0.979697,0.472698,-0.705954,-0.977040,0.282598
0.203547,-0.458818,-0.998768,0.918565,0.902418,-0.547670,0.817418,0.846500,0.744323
0.255338,-0.050149,0.225444,0.286842,-0.026822,0.571812,0.378015,0.152237,-0.511395
-0.833938,0.289423,-0.921793,-0.559180,-0.530602,-0.745845,-0.412745,-0.153396,0.996216
0.860739,-0.361099,-0.429739,-0.583082,-0.536593,-0.283496,-0.458253,0.937117,0.966699
-0.809450,0.606721,-0.095739,-0.214459,0.618901,-0.103684,0.312288,-0.404586,-0.904872
0.716955,-0.122387,-0.913765,0.743093,0.453707,0.900968,0.651673,-0.424152,0.076485
-0.837314,0.568613,0.809688,0.536052,0.239378,0.717985,0.009357,-0.067713,-0.296516
0.710378,0.826871,0.888619,-0.400003,0.587010,-0.034556,-0.089222,0.238808,0.274114
-0.646206,-0.440722,-0.094395,0.306058,-0.796849,-0.497872,0.332253,0.397270,0.680292
-0.154898,0.217447,-0.036284,-0.613568,-0.145807,-0.349225,0.172391,0.351910,-0.666337
0.870066,0.881426,0.846649,0.666940,-0.820704,-0.816400,-0.525362,0.512526,0.992335
0.594312,0.144792,0.497925,-0.184904,-0.845783,0.163888,0.102088,0.920303,-0.975587
-0.298533,-0.991431,-0.962151,-0.933325,-0.812334,0.903961,0.546601,0.529073,-0.225980
0.136106,-0.223664,0.720944,-0.674096,-0.012242,-0.255360,-0.980653,-0.244621,-0.409630
0.465899,0.648026,0.162158,0.501869,-0.616269,0.177441,-0.424705,0.865556,-0.367826
0.494118,-0.170133,-0.260546,0.687745,0.612549,0.637102,-0.375615,0.708190,-0.866501
-0.993745,0.309703,-0.741137,0.375187,0.588370,0.117932,-0.566895,-0.754290,-0.877064
-0.326323,0.957037,0.146850,0.378840,-0.030493,-0.557236,-0.406690,-0.480681,0.759973
0.240425,-0.519003,0.159812,-0.266534,-0.210756,0.622115,-0.502512,0.842983,-0.994341
0.317283,-0.571665,0.700765,-0.445213,0.671031,-0.964308,0.418144,-0.326541,-0.582641
0.373649,-0.707606,-0.709371,-0.138096,0.994505,-0.620137,0.541793,-0.697400,0.452169
0.893686,-0.137382,0.782074,0.698449,-0.941384,0.432474,0.808006,-0.810090,0.299063
-0.259011,-0.296598,-0.189324,0.293990,-0.652496,-0.555870,-0.776715,0.900144,-0.435778
-0.503227,-0.509801,-0.181195,-0.815110,-0.592902,-0.861546,-0.982149,-0.278998,-0.309853
-0.284022,-0.655119,0.010795,0.547040,0.169388,0.315581,-0.219776,0.427808,-0.699923
0.139720,0.904211,0.991124,-0.152568,0.370074,-0.347317,0.206185,0.995371,0.973958
-0.149134,-0.504810,-0.800334,0.790361,0.239373,-0.697246,0.776048,0.551567,0.527053
0.955911,0.654677,0.886320,0.972144,0.487036,-0.214776,-0.905374,0.550928,-0.988903
-0.229495,-0.528087,-0.998810,0.166102,-0.592633,-0.511825,-0.227588,0.603587,0.760399
0.481374,-0.761307,0.941813,0.384332,-0.702783,0.564715,-0.504551,-0.265180,0.985827
-0.725085,0.122088,-0.833525,-0.106458,-0.785675,0.504635,0.555459,0.492788,0.318258
-0.857193,0.359854,-0.428667,-0.781656,0.975156,-0.993585,0.382906,-0.253199,-0.936036
0.177975,-0.281336,-0.301794,0.091113,-0.604375,0.763284,0.570519,0.850943,-0.203763
0.141274,0.594223,-0.430823,0.125326,-0.585905,0.927330,-0.481411,-0.777978,0.150666
-0.605627,-0.166228,0.494474,0.786285,-0.643990,-0.326451,-0.748007,0.781184,0.783483
-0.764708,0.082291,0.268731,-0.618868,0.880231,-0.771428,-0.801736,0.100061,-0.999986
-0.786244,0.379654,0.194708,-0.818425,-0.809213,0.073791,-0.806778,0.133169,0.690581
0.843255,-0.271995,-0.020047,-0.105016,0.794111,0.266277,0.640622,0.213353,-0.983580
-0.834116,-0.476703,-0.283020,-0.294730,0.010083,0.337069,-0.179848,-0.267181,0.144672
0.487373,0.375794,0.648470,0.210913,0.251611,0.416588,-0.226300,-0.047358,0.995065
-0.757984,0.807491,0.454573,-0.938795,0.132208,0.695289,0.255058,0.667116,-0.728574
0.508911,0.115821,-0.429071,0.137396,-0.921338,0.229699,0.167931,-0.427614,-0.996421
-0.847891,-0.830441,0.166603,-0.984372,-0.831694,-0.848683,0.803851,-0.448255,0.777529
-0.087549,0.806846,0.954627,0.933383,-0.200411,-0.009507,0.622917,-0.807915,0.455207
0.002757,0.862955,0.159166,0.792330,0.861260,0.714629,-0.822350,0.711214,-0.390925
0.233799,-0.882718,-0.464198,-0.928552,-0.450246,-0.164417,0.012964,0.811838,0.854475
-0.663839,0.463768,-0.636128,-0.954443,-0.777203,-0.559629,0.046312,0.886110,-0.636928
-0.309700,0.362707,0.594298,-0.533799,-0.076857,-0.724574,-0.692183,0.772315,-0.976712
-0.007869,-0.770832,-0.495595,-0.068548,0.115681,0.261753,-0.580184,-0.429248,0.310902
-0.126840,0.561755,-0.400556,0.162715,-0.215030,-0.425859,-0.965874,-0.191576,-0.955850
0.580771,-0.674697,-0.243456,-0.250219,-0.832071,0.845327,0.412829,0.353401,0.667095
0.693589,0.453214,0.976790,0.449958,-0.668421,-0.909853,0.452571,-0.681731,-0.201140
-0.477316,-0.655527,-0.387896,-0.178602,0.507120,-0.689263,-0.221447,0.829445,0.290871
-0.474938,0.318173,0.207778,-0.507812,-0.589041,0.979587,-0.513192,0.578014,-0.017988
0.256900,-0.288650,-0.264070,0.682483,-0.258719,0.671163,-0.948766,0.459741,-0.685292
-0.179553,0.774357,-0.035115,-0.773272,0.548716,0.138402,-0.860804,-0.508051,0.967577
0.884695,-0.039659,0.186358,-0.250905,-0.126033,0.297522,0.453461,0.632270,0.456328
-0.630259,-0.000035,0.311873,-0.964903,-0.562280,0.065549,0.077802,0.906793,0.540706
-0.646703,-0.040652,0.054502,0.629570,0.567204,0.854455,0.104742,-0.433193,0.904426
-0.218553,-0.935190,-0.945413,-0.535410,-0.542775,0.842126,0.363063,-0.921483,0.972709
0.382502,-0.025704,-0.532844,0.817505,0.203102,-0.330630,-0.981601,-0.244953,-0.452609
-0.877588,0.360232,-0.830655,0.892017,-0.882261,-0.625069,0.719496,-0.128103,0.999256
-0.837735,0.293496,-0.256832,-0.911935,0.525382,0.301212,-0.107064,0.097464,0.965345
-0.338725,-0.505798,-0.509463,0.593207,0.012109,0.065716,0.125521,0.995532,-0.701761
-0.047534,-0.645893,0.319279,0.724439,-0.141234,-0.312689,0.523515,-0.936108,-0.202487
0.520534,0.780999,-0.162542,-0.832958,-0.130868,0.407824,-0.500495,0.843728,-0.799897
-0.739601,0.922619,0.153943,-0.510375,0.974368,0.152554,0.428024,-0.886899,-0.067394
0.483150,0.135317,-0.342454,0.250696,0.224811,0.265387,-0.636675,0.016702,-0.962255
-0.590232,-0.371225,0.864935,0.993385,0.149239,0.251070,0.606840,0.113917,0.223406
0.704930,-0.023613,-0.460723,0.754878,-0.385972,-0.360762,-0.337695,-0.749026,0.977220
0.794749,-0.472036,-0.472665,0.754213,0.704574,-0.009593,0.841751,0.635149,-0.322632
-0.099550,-0.576091,-0.991487,-0.565011,-0.713901,0.938466,-0.124966,0.020961,-0.985812
-0.388536,-0.749567,0.789297,-0.788256,0.373361,0.995129,-0.793194,0.309426,0.029409
-0.126868,0.493925,-0.481557,-0.080019,-0.514361,-0.020445,0.153926,0.416845,-0.912415
-0.146845,0.057576,-0.233838,-0.152577,0.749036,-0.257725,-0.555783,-0.459001,0.010595
-0.750525,0.762166,-0.931219,-0.168629,0.553169,-0.356025,-0.653080,0.470755,-0.796947
0.425626,0.286108,-0.467356,0.184992,-0.556049,-0.654345,0.303698,-0.555123,-0.396562
0.073204,-0.726727,0.976456,0.712653,-0.976873,0.895586,-0.400936,0.152845,0.522954
-0.660903,-0.748559,-0.571193,0.138922,-0.329648,-0.523391,0.348675,0.415043,0.762003
-0.311648,-0.863735,0.231419,0.492454,0.013720,-0.431635,-0.722798,0.071160,-0.261609
-0.355419,-0.109676,-0.071064,0.471749,-0.098760,-0.723279,-0.043714,0.507077,0.822916
-0.067788,0.851684,-0.648299,-0.559217,0.695538,-0.162749,0.284522,-0.124580,-0.237876
0.027693,-0.276670,0.675675,0.523222,0.278348,0.402867,-0.855912,0.537532,-0.709370
0.501695,0.022753,0.864957,0.855072,-0.698949,-0.446434,-0.906241,0.836650,0.362297
0.187933,-0.402373,-0.750829,-0.788538,0.246741,0.491459,-0.645588,-0.760388,0.833507
-0.641538,0.337019,-0.781045,-0.164853,0.792373,-0.839712,-0.011680,-0.786064,-0.932068
-0.261085,0.349301,-0.864115,-0.229377,0.677133,-0.792965,-0.735744,-0.940205,0.557453
0.625136,0.732769,0.380276,-0.038855,0.945646,0.462117,-0.610186,-0.800831,0.626978
0.438636,0.226735,0.704119,-0.138361,0.025994,0.464101,0.428935,0.297164,-0.614677
0.533715,0.985924,-0.664219,-0.664178,-0.964900,0.785442,0.915927,0.252840,0.766086
-0.644138,-0.261334,-0.753186,-0.611752,-0.050340,-0.877979,-0.653655,-0.913083,0.193156
0.203705,-0.985384,0.633663,0.625781,0.310547,-0.656093,0.785744,-0.094583,-0.796881
0.555136,0.249119,0.366909,0.997859,0.377955,0.791757,-0.262585,0.862623,-0.695710
0.105762,0.680095,-0.059507,0.707836,-0.746014,-0.165067,-0.513819,-0.479764,0.362534
0.983414,-0.170564,-0.391374,-0.900274,0.791339,-0.146187,0.253016,0.266762,0.719151
-0.568977,0.563885,-0.544623,-0.218324,0.948956,0.566557,0.910933,0.795799,-0.544229
-0.819477,-0.094355,0.397184,-0.706549,0.643811,-0.867194,0.509580,0.420426,-0.206796
0.516238,0.900882,-0.881257,0.634601,-0.367787,0.214558,0.521298,-0.651486,-0.988562
-0.596910,0.675844,-0.475134,0.625445,0.442992,0.571385,-0.207165,0.084092,0.998436
-0.758699,0.775950,0.776504,-0.682616,0.784151,-0.255011,0.715002,-0.714602,0.980652
0.956515,0.034493,0.612050,0.176679,0.264694,0.478112,-0.172335,0.700271,0.592655
0.621029,-0.139050,-0.968660,0.943415,0.092260,-0.068757,0.037098,-0.673915,-0.922278
-0.813982,-0.885482,0.768983,-0.480676,0.640679,0.203378,0.379319,-0.894945,-0.862177
-0.089563,-0.087769,-0.259575,0.850505,-0.583463,0.247868,-0.898224,0.494094,0.817258
0.643153,-0.090662,-0.572846,-0.129046,-0.369440,0.850847,-0.608810,0.551270,-0.302620
-0.746403,-0.813455,0.491909,0.731750,-0.000285,-0.989788,-0.400594,0.384137,0.918889
0.768000,0.289300,0.855193,-0.957198,-0.065135,-0.680544,0.473412,-0.829091,-0.965171
0.681073,-0.329402,0.838634,-0.535737,-0.323298,-0.483796,-0.376843,-0.983248,-0.157869
0.470198,0.251205,0.081900,0.866020,-0.910387,-0.488616,-0.036437,0.337429,0.780925
0.835180,0.633249,0.519262,0.620107,-0.332876,0.697651,-0.508481,0.484199,-0.605032
-0.041814,-0.550879,0.201703,0.613518,-0.497117,0.629305,0.465668,0.686441,0.085651
-0.250286,0.787834,0.868575,-0.581166,0.540511,-0.727788,-0.666725,0.952399,-0.821005
-0.121800,-0.628987,0.588991,-0.552189,0.106226,0.777487,0.385192,0.235551,-0.486935
0.274882,-0.559628,0.847525,-0.454897,0.520237,0.787254,-0.640274,-0.163022,0.986843
-0.662436,0.134621,0.746344,0.646791,0.032839,0.739326,-0.284440,0.759256,0.987292
0.135503,-0.760355,0.048957,0.341486,0.827114,-0.677786,0.987610,0.218975,0.999036
-0.014877,-0.832807,-0.462345,-0.550130,0.785121,0.106251,-0.159792,0.650515,0.272204
0.858093,-0.480861,-0.535079,0.167156,0.478526,-0.606718,-0.900863,0.127811,0.977440
0.479583,-0.703658,0.834177,0.555427,-0.204408,0.089300,-0.388945,-0.768727,-0.975231
-0.771402,0.029339,0.006745,-0.784326,-0.852274,0.941406,0.648917,0.622163,-0.907843
0.271816,-0.203384,-0.112117,-0.270225,0.609386,-0.402682,0.881718,0.194051,-0.384860
0.286382,0.397339,-0.644117,0.946523,0.807883,0.437777,-0.703982,0.747367,-0.311061
0.790707,0.313939,0.789865,0.064108,0.098012,0.068762,-0.708000,0.908056,-0.812319
-0.356225,-0.516176,0.421839,0.803069,-0.889654,-0.396298,0.435344,-0.289079,0.450409
-0.134504,0.433603,0.353978,0.386069,-0.963692,0.024792,-0.497331,-0.019540,0.866291
0.646259,0.062067,0.048255,0.635002,-0.848618,-0.128079,0.425243,-0.886401,-0.549248
-0.895727,-0.149019,-0.981856,0.811475,-0.903076,-0.879193,-0.822044,0.693079,-0.999854
0.682904,-0.558052,-0.232010,0.255722,0.798271,-0.497783,-0.278488,-0.352586,-0.754074
-0.536180,-0.416906,0.230928,-0.294886,0.429735,-0.117163,-0.568545,0.479640,0.518500
-0.185353,0.338306,0.734245,-0.035169,0.648097,-0.094203,-0.514565,0.092534,-0.201053
0.409163,0.891079,0.415038,0.185730,0.136246,0.806894,-0.054827,-0.205145,0.871284
-0.874778,-0.816932,-0.786205,-0.957009,-0.270838,0.589240,0.615141,0.462447,-0.469973
-0.284729,-0.137168,-0.569974,-0.741840,-0.136731,-0.033626,-0.996602,0.715122,-0.724237
-0.693098,-0.500601,-0.864709,-0.756880,-0.284536,0.939395,-0.582931,0.838927,0.932384
0.981129,0.825543,-0.985047,0.388053,0.921600,0.751363,0.356152,-0.310480,-0.783850
0.449749,-0.545604,0.069013,0.262655,0.240121,-0.844867,-0.123182,0.730073,0.150763
0.405111,0.712235,-0.235276,-0.972237,-0.279426,0.532735,-0.237528,-0.235817,0.686403
-0.755498,0.112181,0.762407,0.054343,-0.918266,0.928768,-0.086571,0.449378,0.554193
-0.434657,-0.287393,-0.453425,-0.222591,0.667932,0.794392,0.909241,0.269693,0.085458
0.612037,0.440078,-0.408517,0.561134,-0.588700,0.502084,-0.482701,-0.628210,0.090406
0.149555,0.838476,-0.498958,-0.211440,0.005064,-0.023131,-0.297712,-0.396513,0.731896
-0.622490,-0.106591,0.522646,0.399701,-0.579619,-0.841685,0.191903,0.339674,-0.623161
0.364269,-0.578267,0.971148,0.395856,0.677482,0.378527,0.463707,0.023922,0.621364
-0.324515,-0.074524,0.086859,0.090972,-0.761399,-0.299986,-0.817477,0.897199,-0.558239
-0.023522,0.290904,0.239846,-0.917410,-0.556490,0.565964,-0.154545,0.442430,-0.988316
0.446657,-0.125962,0.174606,0.893984,-0.001118,-0.460337,-0.503012,-0.592637,-0.858691
-0.358411,0.280117,-0.610972,0.743832,-0.706554,-0.948796,0.124423,-0.220921,-0.615073
0.657434,0.680129,0.565099,0.585440,-0.680488,0.233958,0.180518,-0.572402,0.952256
0.549796,0.414060,-0.483808,-0.053668,0.173987,-0.912720,-0.164252,-0.924344,0.947304
-0.986982,-0.439423,0.910598,0.210098,0.454277,0.435254,0.338643,-0.290733,0.996423
-0.027965,-0.076222,0.204078,-0.261429,0.530270,0.793012,0.355027,-0.886159,0.997516
-0.638489,0.528139,-0.031497,0.069249,0.543781,0.510444,-0.104589,-0.492060,-0.992147
0.704762,-0.329060,0.476993,-0.044976,-0.316669,0.505629,-0.896610,-0.727817,-0.999404
0.751449,-0.627666,-0.697925,0.902134,-0.982785,-0.973907,0.499755,-0.546575,-0.805161
0.980439,-0.459138,0.707097,0.178688,0.356162,0.128493,-0.562994,-0.572860,-0.073930
-0.563940,0.058382,0.460198,-0.900772,-0.095318,0.984845,0.113344,0.589489,0.964632
0.539815,0.020381,0.850971,-0.650239,-0.693697,-0.573845,0.657808,-0.567046,0.871101
-0.230317,0.901317,-0.231007,0.381332,-0.608379,0.772151,-0.519999,-0.896080,0.762596
0.421742,0.322339,0.128737,0.554627,-0.200585,-0.169717,0.235102,-0.647370,0.968972
0.716387,-0.046585,-0.106451,0.151822,-0.477108,-0.511228,-0.024328,0.429874,0.995699
0.022437,-0.503954,-0.261516,-0.363796,-0.789045,0.458710,-0.126189,0.479197,-0.871147
0.594774,0.588275,-0.835095,0.648561,0.184038,-0.012036,-0.476569,0.374884,0.744543
-0.558621,0.753700,0.112261,-0.755131,-0.140281,-0.934160,-0.705334,0.033481,-0.646234
-0.864549,-0.461367,-0.574171,0.297812,0.813231,-0.547084,-0.319576,-0.082130,-0.152273
-0.151764,0.048498,0.819826,-0.812068,-0.031437,-0.693599,0.979450,0.542958,0.568681
-0.251810,0.741634,-0.400481,-0.916331,0.383914,-0.517707,0.925405,0.304290,-0.235451
0.513466,-0.209359,-0.570800,-0.865581,-0.714202,-0.847470,-0.577832,0.104525,-0.862323
0.423993,-0.119937,0.981537,-0.115815,0.918717,-0.438263,-0.612562,0.114052,0.944149
-0.194562,-0.626735,-0.141380,-0.927883,-0.640881,-0.750475,-0.582363,-0.092881,0.512704
-0.720385,-0.807797,0.039989,-0.938811,-0.830205,-0.368729,-0.219806,-0.200949,-0.553658
0.036156,0.389768,-0.882889,0.202460,0.826625,-0.288957,0.588998,0.892718,-0.185879
0.813373,0.571043,0.120350,0.613537,-0.595928,0.538746,0.432937,-0.371988,0.999322
-0.527289,0.255675,-0.488188,0.219430,0.565046,0.536951,-0.472973,-0.055487,0.404803
0.382438,-0.437654,0.520914,-0.214791,-0.118896,0.821584,0.409591,-0.536385,-0.822113
-0.345038,0.584777,0.683060,0.575873,-0.867629,-0.507884,0.031461,0.520326,0.809404
0.949162,-0.606869,0.146121,-0.300665,0.451325,-0.985873,-0.225217,0.917160,-0.930444
0.319724,0.126892,0.228901,0.786714,-0.578241,-0.379901,-0.275792,0.312881,0.494679
0.945982,-0.688814,0.830471,0.402915,0.678211,0.698886,0.506124,-0.376144,-0.029769
0.545423,0.168360,-0.772261,0.576486,0.220966,0.360835,0.011021,0.773003,-0.993845
0.194042,-0.468607,-0.787723,0.813354,0.367948,-0.697847,-0.404113,0.281255,-0.570468
0.064928,-0.886389,-0.172379,-0.146387,-0.446055,-0.397795,-0.792597,0.846166,0.766424
-0.269823,-0.750358,0.150078,-0.752986,-0.988084,0.948455,0.322677,-0.462012,0.608465
-0.161660,-0.108435,-0.043180,0.858549,0.932955,0.181785,-0.968831,0.747063,-0.700445
-0.840969,-0.509675,0.468516,0.422458,0.494846,0.624341,-0.661246,0.680253,0.782205
0.598159,-0.256316,0.891162,-0.280112,-0.195828,0.230405,-0.909017,0.934667,0.164112
0.640756,-0.364824,-0.927269,0.383023,0.611859,-0.471007,0.238932,-0.977934,0.994251
-0.943197,0.870567,0.210655,0.005100,0.700662,-0.542141,0.337379,0.112775,-0.022600
-0.524817,0.749743,0.358459,-0.873890,0.913707,0.049937,-0.720599,-0.789361,0.887108
0.852032,0.386531,0.563979,-0.652938,0.421223,-0.418431,-0.372284,0.828576,0.979064
-0.455690,-0.866943,-0.099060,-0.265836,-0.972294,0.856707,-0.245459,0.454429,-0.925771
-0.749501,-0.912304,-0.427629,-0.447802,0.395790,0.684901,0.152988,-0.740122,-0.521741
-0.772969,-0.308289,-0.857405,0.794837,0.147179,-0.057091,-0.975425,0.931081,-0.943333
-0.798337,0.989904,-0.807185,0.609841,0.458749,-0.824053,-0.700434,-0.968880,-0.486084
0.092443,0.789953,0.857635,0.874863,0.392485,-0.509126,-0.414756,0.134603,0.390199
-0.243594,-0.808338,-0.956395,0.865254,0.062173,-0.363304,0.233586,-0.609057,0.767902
-0.681926,0.706225,-0.664351,0.435547,-0.325283,0.003121,-0.618682,0.128052,-0.215647
0.340239,0.297406,-0.816165,0.191111,0.742622,-0.171616,0.698218,0.616216,-0.958415
0.656124,0.266351,-0.097985,-0.034974,-0.590870,-0.746364,0.398137,-0.927053,-0.820921
0.368478,0.092887,-0.522316,-0.452867,-0.381288,-0.131930,-0.636914,0.017167,-0.962770
0.002680,0.337719,-0.318601,-0.047547,-0.983458,-0.871250,0.367280,0.342752,-0.841450
-0.151121,-0.180569,-0.901155,0.800896,0.834985,0.609951,0.887500,-0.840931,0.680465
-0.330390,-0.551544,0.201111,-0.862988,-0.273301,0.682799,0.900484,-0.114982,0.946330
-0.936146,-0.095447,-0.626655,-0.523884,-0.562388,0.237673,-0.011573,0.104496,0.882748
0.254741,0.398363,-0.171641,-0.929637,-0.972630,0.689647,0.209855,0.896855,-0.999976
-0.084325,0.898012,0.038068,-0.264048,-0.053220,0.610507,-0.094386,-0.922375,0.999175
-0.793706,0.968251,-0.865693,0.763805,-0.308967,0.586668,0.576934,-0.264010,0.886505
0.824139,-0.429524,-0.497221,0.038452,0.790422,0.296480,-0.057770,0.895284,-0.982899
0.239974,-0.560521,0.999506,0.415690,-0.140009,0.701632,0.934286,-0.994297,0.935494
-0.350658,-0.366105,0.678910,-0.995130,0.356559,0.206469,-0.467112,0.491306,0.630041
-0.912244,0.557293,-0.167615,0.534106,-0.752043,-0.095740,0.884057,-0.703401,-0.927040
-0.656878,0.992120,0.420409,-0.013096,-0.139228,-0.407010,0.388962,-0.926948,0.913548
0.428328,0.669958,-0.513034,-0.614600,-0.379288,0.251888,-0.847403,-0.613931,-0.996223
0.133981,0.901871,0.010753,-0.317435,-0.237843,-0.385908,-0.115626,0.477103,-0.404109
-0.542468,-0.720139,0.652715,0.598515,-0.735660,0.732872,-0.185744,0.319678,0.997839
-0.856273,-0.581806,-0.148075,0.914094,-0.184570,-0.487023,-0.576208,0.299952,-0.997954
-0.652042,0.231781,-0.727909,0.818011,-0.758961,-0.805435,-0.461061,-0.325929,-0.757996
-0.039895,-0.981056,-0.681866,0.540883,0.661543,-0.853798,0.374576,-0.798157,0.341933
0.893929,-0.941896,0.431204,0.792297,-0.194526,-0.836435,0.533897,-0.600962,0.827144
-0.501308,-0.571161,-0.405094,0.258548,0.049443,0.354746,-0.116902,0.449553,0.222126
-0.978720,0.631979,-0.202718,0.748370,0.340383,0.474298,0.110165,-0.933176,0.679200
-0.805930,0.796612,-0.224039,-0.480733,0.321274,0.289057,-0.007871,-0.369602,0.233658
0.958346,0.555265,-0.434658,0.167339,-0.455983,-0.128820,0.630235,-0.260738,0.379619
0.113634,-0.727114,0.523836,0.315739,0.276268,-0.881789,0.947451,-0.029139,0.469424
-0.064365,-0.783231,-0.525650,-0.345971,-0.927721,0.962094,-0.013820,-0.489195,-0.703898
0.834527,-0.036257,-0.909822,-0.499726,0.057478,-0.386688,-0.058048,-0.328440,0.823362
0.208950,0.639448,0.266657,0.353549,0.071367,0.758573,0.292332,0.892561,-0.206639
0.915183,-0.674961,0.821131,0.655593,0.713044,-0.077275,0.915332,-0.048903,0.378106
0.737153,0.216185,-0.795247,0.816305,0.758388,0.491514,0.489235,0.744646,-0.501677
0.629260,-0.274124,-0.072061,-0.107909,0.417030,-0.947250,-0.721193,-0.416440,0.091760
-0.513392,0.680108,-0.315311,-0.101786,0.220203,0.279513,0.036084,-0.507009,-0.349485
-0.521132,0.966603,-0.604928,-0.816103,0.390051,0.731230,-0.345400,-0.777820,0.279000
-0.346863,0.398860,0.095100,0.083356,-0.917827,-0.950864,0.269248,-0.371084,-0.124409
-0.912704,-0.585542,0.748920,-0.269567,-0.591381,-0.355293,-0.421747,-0.453706,0.910214
-0.783821,0.691710,-0.343590,0.612553,-0.192198,0.840223,0.647158,0.577662,0.584710
0.118302,0.800137,0.650728,-0.998517,-0.218430,0.738083,0.935144,0.229875,-0.066831
-0.010572,0.429729,0.218320,0.524293,0.847576,-0.301854,-0.907608,-0.673049,0.999734
-0.086214,-0.855676,0.235586,-0.352448,0.248036,0.363840,-0.411404,-0.545453,0.935518
-0.205599,-0.180082,0.957784,-0.467133,0.735492,-0.606484,-0.202907,-0.503644,0.337859
-0.615322,-0.259811,-0.556399,0.771141,-0.535310,-0.553604,0.901174,0.751073,-0.938978
-0.596697,0.069381,0.588153,-0.233208,-0.447495,-0.295205,0.616780,0.825462,0.334839
-0.883057,-0.777276,-0.753900,-0.918334,0.243944,0.373836,0.530814,-0.863416,-0.560909
0.026668,0.764954,0.572722,-0.965659,-0.277970,0.964636,0.313163,-0.716782,0.756481
0.514392,-0.541327,-0.146876,-0.823221,0.504732,0.678327,-0.396005,-0.112472,0.789775
-0.547203,-0.109738,-0.797903,-0.857346,0.424659,0.788438,-0.625505,0.705477,-0.237981
0.445885,-0.231549,0.513830,-0.272058,0.541391,-0.933457,-0.298260,0.281001,0.554622
-0.721109,-0.370090,-0.724805,-0.791914,-0.550450,0.837314,-0.408879,-0.809519,-0.475713
-0.575230,-0.758931,0.257277,-0.570382,0.082914,0.904378,-0.143170,-0.514380,0.750308
0.659176,0.866182,0.927025,-0.580290,-0.136603,0.114831,0.852168,0.086349,-0.468895
-0.418517,-0.672778,-0.932434,0.229589,0.385354,-0.390811,-0.802180,-0.409663,-0.143260
-0.321005,-0.204709,0.506218,-0.160544,-0.454699,0.338581,0.057747,-0.178443,0.864849
0.161680,-0.366783,-0.264410,0.116180,-0.820506,0.014321,0.782710,0.531021,0.933365
0.638615,-0.916093,-0.763001,-0.884293,0.210211,-0.741332,-0.749027,0.038001,-0.864440
-0.083353,0.086065,0.309371,-0.582051,-0.715497,0.629198,-0.598630,0.308873,-0.965307
0.292912,-0.511917,-0.257886,0.939934,0.793447,-0.062997,0.241053,0.673247,0.976712
0.018322,-0.262085,-0.056515,0.006201,0.095894,0.381471,-0.063793,-0.500935,0.996726
-0.086244,0.366774,-0.625855,0.411457,-0.030360,-0.699375,0.539629,0.128564,0.057637
-0.895281,0.917950,0.021731,0.315643,-0.782669,0.018660,0.443911,0.903019,-0.656922
-0.469495,0.410719,-0.721595,-0.900940,-0.060420,0.476374,-0.123593,0.686722,-0.564897
-0.485122,0.880727,0.933626,-0.524239,-0.484517,-0.881558,0.334827,-0.840764,-0.746111
-0.334236,0.740600,-0.407348,0.849127,0.506413,0.439810,-0.094461,0.836557,0.442344
0.314658,0.180938,-0.731479,0.622520,0.388449,0.022274,-0.783974,-0.931367,0.857650
0.209726,0.624372,-0.400453,-0.880917,0.354121,0.619430,0.607980,0.450003,0.871797
0.520764,-0.323838,0.413932,0.275295,-0.170212,0.312353,-0.667598,0.937062,-0.564756
0.907468,-0.008367,0.576654,0.310636,-0.496481,0.614819,-0.949263,0.348312,-0.625515
0.076102,0.337795,-0.004017,-0.121789,0.065690,0.431869,0.822358,0.093381,0.573567
-0.657309,-0.893532,-0.643043,-0.339990,-0.242018,-0.277231,-0.478299,0.264271,0.213861
0.855812,0.602221,0.919025,-0.328241,-0.229451,0.084477,-0.030226,-0.986812,-0.989015
0.901047,0.556601,-0.668835,0.046045,-0.728317,-0.287613,0.579464,-0.561097,-0.889833
0.755359,0.698770,-0.334781,-0.052577,0.010577,0.750546,-0.382577,0.115444,0.691471
0.297498,-0.176937,0.298300,-0.133666,-0.183211,0.960964,-0.110452,-0.904422,0.568032
-0.639913,0.735383,-0.300104,-0.379279,-0.337214,0.116800,0.716198,-0.588477,-0.796980
-0.640328,0.828297,-0.786308,-0.861007,-0.529299,-0.735809,-0.312012,-0.500512,-0.448121
0.384673,-0.422905,0.163566,-0.463802,0.825356,-0.908524,0.705535,0.520010,-0.626810
0.560936,0.979638,-0.105992,-0.432079,-0.657597,-0.986692,-0.257329,-0.584657,0.202529
0.844027,0.276584,0.545677,-0.244093,-0.943337,-0.307388,-0.607189,0.960968,0.311991
-0.165008,0.140372,0.986523,-0.103579,-0.964205,0.846997,0.715151,0.752676,0.493526
-0.084269,-0.598789,-0.030356,0.162454,-0.327618,-0.389459,0.979526,-0.679356,0.392909
-0.156189,0.220539,0.490604,-0.286308,0.398606,0.315875,0.830464,0.408750,0.340634
0.381299,0.571713,0.980413,-0.620426,0.123525,-0.389150,0.490119,0.916854,-0.542723
-0.439203,-0.169688,0.601059,0.331941,-0.542698,0.810993,-0.359754,0.596784,-0.840499
-0.182155,0.257635,0.301997,-0.270152,-0.985631,-0.866431,-0.186535,-0.176479,-0.976599
-0.674344,-0.375055,0.827047,-0.889676,-0.373139,-0.191810,-0.416284,-0.890496,0.202688
-0.083711,0.869776,0.527162,0.366058,0.373960,0.307284,-0.398285,0.197087,0.908371
-0.298463,-0.533477,0.286066,0.946834,0.875285,0.627411,0.947183,0.366799,0.395557
-0.446345,0.659698,-0.337894,0.144340,-0.443681,-0.267554,0.412934,0.383145,0.967460
-0.717873,-0.520236,0.906735,-0.456914,0.414671,0.910693,0.743681,0.576839,-0.976178
0.013994,0.634785,-0.037564,-0.267394,0.389497,-0.870738,0.780074,-0.769665,-0.999681
-0.635046,0.224415,-0.666047,0.463025,0.014600,-0.977037,0.098069,0.145131,0.863229
0.727326,-0.626794,-0.080029,-0.061838,0.292966,-0.693130,-0.716520,-0.686207,0.926156
-0.442157,0.926439,0.532063,-0.559209,-0.290935,0.030046,-0.711976,-0.055320,-0.778846
-0.514643,-0.160584,-0.657352,0.800139,-0.487467,-0.738389,-0.005054,0.587299,-0.801186
0.779106,0.846905,-0.603914,0.110896,0.365428,0.169714,0.864575,0.564086,0.937848
-0.556255,-0.036337,-0.157048,-0.710909,-0.502281,-0.954033,-0.933973,0.837168,-0.170912
-0.657435,-0.204981,0.911521,0.200604,-0.996914,-0.736774,0.064757,0.434504,0.190867
0.272411,-0.833973,-0.208180,0.263202,-0.843544,0.223357,-0.421563,-0.661211,-0.487238
-0.447009,0.260556,0.824486,0.343052,0.494427,-0.938510,-0.310084,-0.631945,0.929652
-0.892351,0.607951,-0.237198,-0.920549,-0.318372,-0.293677,0.625792,0.883523,-0.534569
-0.373438,-0.003852,-0.575955,0.040253,-0.851586,0.265473,0.002454,-0.604325,-0.954777
-0.608630,0.350665,0.688337,-0.259713,0.857889,0.589303,0.204089,-0.822330,-0.004896
-0.565334,-0.059413,-0.518570,-0.847269,-0.238419,0.361364,0.843746,-0.971732,0.054931
0.471886,0.162026,0.088996,-0.912087,0.547961,-0.017945,-0.097323,0.488028,0.229880
-0.168729,0.996291,0.153738,0.882453,0.051102,-0.778871,0.692892,-0.359836,-0.379330
-0.011925,0.707471,-0.383389,-0.030313,-0.483344,0.703323,0.356498,-0.731458,0.999726
0.776990,-0.947543,-0.271565,-0.112556,-0.748807,0.668407,-0.820947,0.450546,-0.068734
0.394717,0.350794,0.508717,0.677269,0.336038,-0.015915,0.204068,-0.833154,0.999520
0.322220,-0.312781,0.190982,0.962412,-0.523385,0.224740,0.034779,-0.175204,0.323752
-0.988213,-0.885117,0.468487,0.669178,-0.865111,0.331566,-0.868657,-0.207873,0.933156
0.292204,0.236464,0.042408,-0.967848,0.482594,0.535019,0.989736,-0.937458,0.822669
0.595645,0.916851,-0.743423,-0.424135,-0.545690,0.184820,-0.694911,0.297203,0.884412
-0.750310,-0.780124,0.030996,0.939931,-0.785753,-0.762820,-0.043012,0.331278,0.769014
-0.704751,-0.159989,-0.192679,0.451099,0.277504,-0.407525,-0.312431,-0.657178,-0.525727
-0.879333,-0.473651,-0.033722,-0.193559,0.996935,-0.236382,0.257644,0.075534,0.168421
0.024966,-0.147981,-0.723538,0.795762,0.533011,0.572521,0.661674,0.572848,-0.473613
0.657394,0.582714,0.950668,-0.606301,-0.980322,-0.460353,-0.711627,0.603965,0.438677
0.161397,0.499059,-0.770907,0.399294,-0.252700,0.886644,-0.225521,-0.840526,-0.973788
0.816920,-0.190259,-0.159869,0.963247,-0.317753,0.990319,0.502716,-0.584507,0.258576
-0.684681,0.844613,-0.213906,-0.519248,0.863390,0.357361,0.112750,-0.797610,-0.452098
-0.290832,0.718146,0.250774,-0.514608,-0.290032,-0.734048,-0.160611,-0.815094,0.884086
0.917579,-0.082067,-0.651713,-0.450790,-0.555228,-0.723710,-0.865361,0.314414,-0.938195
0.836256,-0.421978,-0.706022,0.507898,-0.651950,-0.038847,0.161591,-0.899179,-0.457000
-0.296566,-0.550399,0.194931,0.613706,0.405848,-0.560362,-0.910169,-0.618649,-0.348657
-0.576938,-0.279777,-0.703474,0.205653,-0.530377,-0.712960,-0.568792,0.152891,-0.172235
-0.019733,-0.302642,0.693107,-0.855898,-0.708612,0.663157,-0.080905,0.531824,-0.842313
0.822672,0.519187,-0.599050,0.852906,0.366612,-0.711047,-0.447502,0.837046,0.980294
0.383422,-0.753952,0.030108,-0.241793,-0.583614,-0.354685,-0.063121,0.976534,-0.974813
0.874908,-0.009591,-0.267981,-0.652274,-0.474421,0.183130,0.505184,0.297612,-0.519091
-0.877250,-0.620613,0.386059,-0.099733,0.660106,-0.924827,0.944466,0.059781,0.344527
-0.496477,0.272401,-0.694727,-0.186329,-0.970226,-0.168752,0.745286,0.415660,-0.864953
-0.262613,0.157206,0.126939,-0.970894,0.859363,-0.628732,0.411443,-0.267235,-0.805479
-0.436721,-0.482765,-0.746258,-0.428175,-0.225837,0.660295,0.787754,0.490709,0.997160
0.045437,0.049352,-0.937294,0.694673,-0.286511,0.590827,0.835086,0.575363,0.745379
0.035215,0.936100,-0.468748,-0.028596,0.683016,-0.373192,-0.972877,0.730086,0.492764
-0.818669,-0.548483,-0.766816,-0.292250,-0.255456,0.158286,0.780621,-0.805844,-0.573572
0.623903,-0.850713,-0.747299,-0.003885,0.724399,0.561666,-0.246770,0.591026,0.941618
0.734478,0.059391,-0.680782,-0.180037,0.019802,0.804770,0.436898,-0.155137,0.474951
0.251221,-0.870096,0.327882,-0.957570,-0.641424,-0.881150,-0.476080,0.954102,0.515683
-0.144436,-0.809872,0.476900,-0.482495,0.196255,-0.906090,-0.753778,-0.841296,0.185060
-0.567703,0.532530,0.964947,0.035073,0.625245,0.233529,-0.184027,-0.097121,0.508735
0.623987,-0.521710,0.738687,0.549486,-0.742191,-0.253743,0.011115,-0.932612,-0.332610
-0.444774,-0.066014,-0.151749,0.476655,0.189376,0.511305,-0.716350,-0.643372,0.929421
0.731807,-0.242325,0.485759,0.861662,-0.004135,0.815021,-0.059260,-0.316468,-0.273675
-0.286175,0.976314,-0.443220,0.350605,-0.820417,0.437664,0.152397,0.439620,-0.654575
-0.358744,-0.397254,0.851455,0.757501,-0.369968,0.280029,0.523536,0.198051,-0.192234
0.584307,-0.535071,-0.872185,-0.523713,0.143798,-0.138319,-0.032845,-0.848820,-0.334618
0.797005,-0.434686,0.057801,0.337115,0.685886,0.941564,0.087335,0.976928,-0.598424
0.480498,0.715032,-0.382255,-0.804929,-0.475503,0.078631,-0.865274,-0.392193,-0.965409
-0.888580,0.235873,-0.846498,-0.512818,-0.109950,-0.306757,0.809943,-0.805461,0.814521
0.076438,0.654272,-0.930194,0.373734,0.316384,0.993878,0.883909,0.004945,-0.999789
-0.184169,-0.011783,0.344804,-0.159498,0.468045,-0.549045,-0.645026,0.674317,-0.705815
-0.623049,-0.876949,0.587762,-0.924994,0.811983,0.332352,0.374302,-0.919240,-0.152309
0.331566,-0.275989,-0.650977,0.392667,-0.603385,-0.190284,0.580188,-0.713468,-0.998269
-0.247147,0.629179,-0.461924,0.527448,-0.228893,-0.322456,0.213491,-0.320821,-0.469357
0.375906,0.043778,-0.631671,0.318977,-0.929489,-0.227270,0.393833,-0.736671,0.975619
0.500876,0.562015,-0.750719,-0.644266,0.782821,0.650337,-0.589051,0.517550,0.363013
-0.799441,-0.621770,0.503420,-0.924702,-0.579832,0.079028,-0.094217,-0.875716,0.713553
-0.425289,0.224058,0.672101,0.901015,-0.149370,0.866708,0.617526,0.277106,-0.201486
-0.141301,0.699513,-0.153845,0.024066,0.844375,0.350572,-0.849856,0.418284,0.667822
-0.655495,0.983233,-0.595646,-0.146287,-0.157769,-0.483337,0.137623,0.491247,0.798319
0.149240,0.246606,0.915982,0.908271,-0.263095,0.067063,-0.191355,-0.296815,0.435951
-0.622765,-0.519725,0.342845,-0.094095,-0.398064,0.134199,0.262024,0.555437,0.905590
-0.637144,0.590716,-0.318800,0.171618,-0.529621,0.740949,0.944435,0.997475,-0.485836
0.135233,-0.420331,0.535080,0.531932,0.698882,-0.782239,0.975981,0.835123,0.121105
-0.720547,-0.653787,0.317819,0.894504,0.738350,0.066885,-0.044261,0.131454,0.243612
-0.474210,-0.024920,-0.885458,-0.300295,-0.158172,-0.266242,-0.447035,0.717253,0.899834
0.310184,-0.667966,0.773480,-0.695496,-0.565319,-0.420168,-0.115990,-0.736177,-0.995506
0.867321,-0.858602,0.613772,-0.476507,0.789768,-0.205655,0.410439,0.229405,-0.997981
-0.790442,-0.796127,-0.882125,-0.831630,-0.790053,-0.901581,-0.328891,0.760229,-0.690213
-0.716115,0.622491,-0.202091,-0.365192,-0.770599,-0.835623,0.174471,-0.829621,0.828638
-0.531460,-0.139474,0.075435,-0.380727,0.546540,0.726452,-0.976240,-0.907024,-0.885216
0.833922,0.379307,-0.148443,-0.574325,0.282005,0.346528,0.469984,0.568288,0.918916
0.923390,-0.295251,-0.462864,-0.573874,-0.863640,0.033872,0.798462,0.455296,0.192206
-0.043273,0.165145,0.376474,0.822279,-0.519261,0.028756,-0.266972,-0.245639,-0.750191
0.731872,-0.689718,-0.825010,-0.242795,-0.168654,0.779271,0.057119,-0.295500,-0.936919
-0.221967,-0.953733,0.674707,0.794528,-0.887911,0.877640,0.467524,0.415354,0.869301
-0.661733,-0.334063,0.604332,0.704926,0.059956,0.180964,-0.667358,0.071597,-0.496861
0.786266,-0.734226,-0.362796,-0.811733,-0.330152,-0.952841,-0.192130,-0.218164,0.735609
0.692950,0.232130,-0.890015,0.593346,-0.854837,0.534241,-0.531469,0.214921,-0.109533
0.625762,-0.504366,0.665120,0.840154,-0.773378,0.313299,0.708955,0.892542,-0.225337
-0.222771,-0.496917,-0.377132,-0.551347,-0.735073,-0.279236,0.820576,0.463423,0.999046
-0.294693,-0.997715,0.338117,-0.075499,-0.819522,-0.166735,0.757348,0.320231,0.698440
0.747926,-0.031066,-0.487905,-0.819349,-0.787865,-0.758160,-0.129205,0.163805,-0.957870
0.859425,-0.837476,0.975629,0.348541,0.061690,-0.189490,-0.690179,-0.532405,-0.053587
-0.417256,0.892898,-0.101147,-0.367633,0.000515,-0.474492,-0.590772,-0.059640,-0.995593
0.099498,0.380285,0.778415,0.444918,0.348658,-0.718717,-0.445698,0.081453,-0.381960
0.221502,0.738560,0.352982,0.776416,0.382648,-0.087153,0.959046,-0.982546,-0.985549
0.028023,-0.426890,-0.795030,0.757832,-0.165990,0.504308,-0.495996,-0.937313,-0.380425
-0.678348,-0.740928,-0.266159,0.388964,-0.568402,-0.645279,-0.431353,0.203761,-0.153387
0.138931,-0.810343,0.763972,-0.759396,-0.113626,-0.239450,0.942167,-0.034324,-0.986828
0.761931,0.317447,0.668354,-0.744716,0.752199,0.911932,0.848657,-0.552966,-0.450213
-0.291406,0.969926,-0.775231,0.494296,0.607452,-0.861406,-0.286557,0.804970,0.893595
0.909829,0.999263,0.057200,0.235840,0.825397,0.797485,0.628769,0.501314,-0.534797
-0.648300,-0.549094,0.282013,0.549714,0.135239,-0.205143,-0.263539,-0.551674,0.009855
-0.816363,0.829471,-0.815190,0.853731,0.617755,-0.780827,-0.041785,0.154493,0.016150
0.934588,0.785923,0.063886,0.877469,-0.341514,-0.161440,-0.129220,-0.540983,-0.141386
-0.966745,-0.978386,0.337549,-0.143938,-0.872320,0.067082,-0.902732,-0.571556,-0.380323
-0.762911,0.338750,0.999433,0.033098,0.265379,0.486407,0.955799,0.125865,-0.667703
0.359316,0.475324,0.513721,0.439733,-0.740240,0.481009,0.998378,-0.744167,-0.403754
0.619014,0.859505,0.962731,-0.454628,0.959823,0.900974,0.952497,-0.363913,-0.720279
0.910245,-0.488081,0.442286,0.881604,0.450792,0.453075,0.360521,-0.711408,-0.577917
0.070893,-0.584380,-0.205205,0.102102,0.317932,-0.955009,0.895182,0.899234,0.489979
-0.976030,-0.869803,0.045882,0.659666,0.309146,-0.096954,-0.566639,-0.292327,0.449047
-0.675382,0.124756,0.498415,-0.528100,0.247889,0.525476,0.490066,-0.355535,-0.827686
0.320349,0.255879,0.314565,-0.078426,-0.635044,0.810264,0.228831,0.700390,-0.865136
-0.184285,-0.780940,0.010095,0.545019,-0.176973,0.094550,0.428913,-0.424528,0.148388
-0.382238,0.818204,-0.414092,-0.006951,0.305113,0.997481,0.814223,0.563341,0.636657
-0.520201,0.220649,-0.805950,-0.967449,-0.926981,0.738326,-0.862253,0.586343,-0.454161
-0.066848,0.332766,0.741469,0.715315,0.242334,-0.625883,-0.549064,-0.499157,-0.491987
0.927535,-0.614180,-0.049759,0.134749,0.677509,0.189996,-0.195123,0.936668,0.092798
-0.666639,-0.096407,0.408123,0.701921,-0.613105,0.596446,0.479411,-0.557914,-0.023074
0.997199,-0.976881,0.123967,-0.708141,-0.831930,-0.055944,0.552937,0.046264,0.960396
-0.682125,-0.452483,0.182648,-0.860478,-0.946369,0.625684,-0.547620,-0.036796,-0.396702
-0.852547,-0.408832,0.389340,0.678635,0.648181,0.969487,-0.853909,-0.854885,0.420419
-0.917596,0.315632,-0.197268,0.096596,0.588382,0.774731,0.790122,0.661238,0.986350
-0.822347,-0.226942,0.146666,-0.429108,-0.237828,0.635905,0.163185,-0.991443,0.149127
-0.667867,0.794201,-0.723067,0.608927,-0.117970,0.754974,0.903968,0.590002,0.974048
0.670148,0.886952,-0.806583,-0.856635,-0.556181,-0.253601,-0.335828,-0.435148,-0.712638
-0.077961,0.369813,0.090359,-0.266401,-0.333776,-0.298992,-0.424795,0.887205,-0.633037
-0.681657,0.805148,-0.894455,-0.994493,0.602688,0.183433,-0.897352,0.311573,-0.729951
0.400384,0.581001,-0.294137,-0.127815,-0.336902,-0.056162,0.195455,0.283954,0.966108
-0.857622,-0.460585,-0.405736,0.682368,0.876560,-0.398759,0.993823,-0.550599,-0.998437
0.698859,0.711235,-0.459063,-0.176883,-0.179766,0.842705,0.189763,-0.446775,0.769918
0.370604,-0.803326,0.450665,-0.896288,0.312023,-0.496851,-0.734638,0.274966,-0.283153
-0.026632,0.692582,-0.188974,-0.359670,-0.185907,0.016528,0.336989,-0.585886,0.597610
-0.925932,0.284385,0.910640,0.140050,0.211339,-0.591407,0.123245,0.009158,0.896759
0.779223,-0.536446,-0.578179,-0.154042,0.517417,-0.269723,-0.519848,0.056370,-0.533420
-0.336569,-0.183186,-0.728765,0.415235,0.788678,0.713955,-0.750382,0.257682,0.796679
-0.355543,-0.824247,0.275848,-0.640251,0.525848,0.056994,-0.201201,-0.720648,0.994695
-0.301771,-0.324521,0.107056,0.216142,-0.021857,-0.232268,-0.126903,-0.780715,0.427645
0.098403,-0.904802,-0.948030,0.406268,0.566048,0.044415,-0.493784,-0.376863,-0.978180
-0.707895,-0.574669,0.330630,-0.259984,0.319672,-0.978952,0.457380,-0.847609,0.143114
0.272441,-0.751615,-0.271787,0.798842,0.985826,0.732336,0.413937,0.886859,0.744592
-0.784871,0.259967,-0.422853,0.199223,-0.409917,0.566880,0.574165,0.739427,0.344401
0.947945,0.227282,-0.292026,0.533479,0.249635,-0.167110,-0.321836,-0.669256,0.101773
0.220317,0.812516,-0.625497,-0.189850,0.057468,0.200589,-0.072984,-0.756595,0.965499
0.664389,0.024283,-0.955925,-0.218428,-0.488030,0.027449,-0.732355,-0.181655,0.982924
-0.623834,-0.859540,0.174455,0.782986,0.563577,0.439954,-0.105187,0.331148,0.551015
0.212561,0.748738,0.346612,-0.531230,0.328226,0.552483,0.962733,-0.039368,0.849377
0.258992,-0.728890,-0.857128,-0.210178,-0.471422,0.447922,-0.076507,-0.659540,0.554282
0.745904,0.948784,0.738213,0.504755,0.689380,0.255486,-0.868730,0.355904,-0.997780
0.652193,-0.344514,-0.406213,-0.659308,-0.224253,-0.756651,-0.379044,0.696742,0.837203
-0.354640,-0.880595,0.598911,0.618112,-0.703862,-0.660167,0.528733,-0.844286,-0.609988
-0.501329,-0.433033,-0.381680,-0.097721,-0.521721,-0.720795,-0.694752,-0.247305,-0.944387
-0.021787,0.414798,0.968239,0.146526,0.356929,0.280918,0.095713,-0.343518,-0.959172
0.554218,0.486129,-0.900515,-0.758136,0.929588,-0.020928,0.148225,0.190716,0.998542
0.773622,-0.334174,0.115499,-0.116240,0.945292,0.031207,-0.565065,0.686187,0.440824
-0.932484,0.880674,0.964515,0.907605,-0.967982,-0.237470,0.669777,0.465483,-0.001473
-0.188891,-0.178434,-0.516969,0.196746,-0.884917,-0.768063,-0.510911,-0.199285,-0.595127
0.163932,0.810569,-0.389490,0.438649,0.709429,-0.044134,0.552595,0.033714,-0.312168
0.445552,0.238059,-0.187793,-0.074306,0.569268,0.389427,-0.666643,-0.139337,0.803278
-0.454891,0.685008,0.453731,0.003257,-0.867790,-0.435061,0.081730,0.196360,0.891890
-0.961310,0.648264,0.090637,0.422662,-0.134023,-0.999225,0.452600,-0.261486,-0.101854
-0.642254,0.185012,-0.535322,0.941482,-0.479708,-0.144664,-0.032454,-0.287485,0.057886
0.597942,0.759068,-0.693115,-0.331720,0.136891,0.146548,0.404547,-0.549579,-0.361306
0.642484,0.388142,-0.155855,0.368245,0.578962,0.224607,-0.540965,0.556417,0.702971
0.363833,-0.266956,0.011576,-0.359618,-0.021347,0.631764,-0.812320,-0.856991,0.685092
0.363726,0.505943,-0.005417,0.802779,-0.633337,0.782433,0.888829,0.988248,0.654636
-0.742001,-0.017838,-0.385695,0.533792,-0.799392,-0.103710,0.344844,-0.475094,-0.968290
-0.715796,0.289049,0.182326,-0.429262,-0.065601,0.742521,-0.530104,-0.072726,-0.949468
0.087154,-0.771756,0.836380,0.951736,0.744878,0.062207,0.210287,0.997330,0.996368
-0.874728,-0.556148,-0.277926,0.086678,-0.988975,-0.798171,0.853495,-0.654493,-0.478795
0.780940,0.908095,-0.617455,0.572077,-0.718123,0.462584,-0.681250,-0.510592,0.624997
-0.953824,-0.979834,-0.335257,0.821459,-0.258867,0.666810,0.722491,0.856316,0.473947
-0.194368,0.046841,0.046441,-0.735573,0.643447,0.331470,-0.882196,-0.024397,0.228368
0.530937,-0.023963,0.617521,-0.838788,-0.703624,-0.899947,0.458296,0.448336,0.898132
0.484320,0.094049,-0.613954,0.439744,-0.876651,0.667774,0.472615,-0.611154,0.654148
-0.646311,-0.319534,-0.407281,-0.212650,0.462531,0.286771,0.484986,-0.390926,-0.095175
0.932384,0.216668,-0.363812,-0.760505,-0.901864,0.302591,0.688952,0.437627,0.608323
-0.752223,0.382759,0.100094,-0.147151,0.106146,0.304477,-0.043163,0.902892,-0.964827
0.098197,0.794890,-0.594505,-0.741878,0.933774,-0.642246,-0.041097,0.340349,0.960348
0.430688,0.827548,-0.588155,-0.847481,-0.685150,-0.534550,0.804033,-0.117463,-0.475906
0.159313,-0.595929,-0.967643,0.232309,-0.991171,0.743081,0.156782,-0.165691,0.778868
-0.646165,-0.041173,-0.681044,0.344314,-0.364528,-0.750196,-0.524040,-0.210388,0.999750
-0.614434,-0.236304,-0.894080,-0.548655,0.274247,0.855216,0.843786,-0.054759,1.000000
-0.400351,-0.366464,-0.405693,-0.076614,0.072872,-0.636726,0.722485,-0.524976,-0.992833
0.382155,0.455357,0.801159,0.472677,0.820782,0.442656,-0.198983,0.756044,-0.755511
0.391701,0.992290,-0.399768,-0.519507,0.288281,0.808613,-0.316749,-0.582816,0.893592
0.818120,-0.208941,0.478546,0.750571,0.731243,0.406354,-0.560571,0.167717,0.864173
0.929001,-0.890767,0.096359,0.293264,0.099881,0.923795,0.832986,-0.570398,0.435750
0.534523,-0.271693,0.183032,-0.998865,-0.480177,0.320159,0.372695,0.170434,-0.845047
-0.257758,-0.708430,-0.014293,0.740141,0.498642,0.153031,-0.655110,0.996548,-0.034801
-0.918882,-0.823449,-0.677510,0.243241,0.951821,0.313440,-0.973039,-0.076573,0.471257
0.066093,-0.593669,-0.878102,0.312596,0.443604,-0.466986,0.205900,-0.987321,0.958934
-0.488841,0.588463,-0.533063,0.844408,0.278664,-0.828533,-0.839263,0.479211,0.013153
-0.108581,-0.678449,0.921681,0.395928,0.846918,0.350931,0.432629,-0.831713,-0.839885
-0.757536,-0.342479,-0.053479,0.649087,-0.929299,0.328861,0.139144,-0.311562,0.335941
0.448101,-0.391029,0.524494,-0.713429,0.334026,-0.357435,0.811797,0.721869,-0.999090
-0.832017,0.671930,-0.964975,0.418032,0.669825,-0.460195,-0.141217,-0.801493,0.683545
0.127291,-0.079876,0.447494,-0.467957,-0.687898,0.739328,-0.205155,0.525856,-0.954559
0.024364,-0.368627,-0.470436,-0.259615,-0.512612,-0.250582,-0.007663,0.330948,-0.177781
0.822116,-0.970791,0.077653,-0.013117,0.349483,-0.194878,-0.095000,-0.941740,0.411232
-0.332301,-0.881669,-0.130162,-0.193388,0.354999,-0.088303,-0.059821,-0.050327,0.997185
0.271871,-0.380467,0.785518,0.729593,-0.563292,-0.238314,-0.443622,-0.716941,-0.643739
0.600552,0.936309,-0.248263,0.398695,-0.242256,-0.847748,0.659878,0.832211,0.901475
0.306648,0.585110,-0.739739,0.084086,0.132230,0.605584,-0.097541,0.533160,-0.907281
0.516480,-0.625158,-0.309448,-0.064366,0.169544,-0.373336,-0.098755,0.268891,-0.201544
-0.729327,-0.939427,0.141578,-0.298722,0.076970,0.729426,0.629296,0.296994,-0.921268
-0.033140,0.661197,0.823124,0.023684,0.513238,-0.888446,-0.218614,0.519798,-0.947734
-0.312371,0.377468,-0.003511,-0.199434,-0.286710,-0.121529,-0.424244,-0.596221,-0.742180
0.659938,0.738213,0.788763,0.528184,-0.584939,-0.453603,-0.905191,-0.432772,-0.897149
-0.175907,-0.619079,0.120012,-0.748767,0.734952,-0.991748,0.379360,0.664346,-0.988966
-0.272031,0.605931,-0.869290,0.638599,0.322254,-0.500031,0.704597,-0.971974,0.914955
-0.844532,0.934698,0.056660,-0.441183,0.043237,0.781978,0.422197,-0.378330,0.806992
-0.422593,-0.379563,0.370991,0.519260,0.851839,-0.062814,-0.292157,-0.732790,-0.959143
-0.890525,0.920525,0.730567,-0.060619,-0.859067,0.827674,-0.110340,-0.464409,0.924154
0.611281,0.820303,-0.021643,0.624204,-0.795219,-0.285493,-0.272265,0.660976,-0.915970
0.646527,-0.878175,-0.255925,-0.287429,0.380998,0.694390,0.264398,-0.921755,0.974449
0.551346,0.769414,0.863511,-0.014906,0.507235,0.261246,0.657332,-0.684062,-0.898770
0.824588,-0.398121,0.678411,0.464404,-0.449557,0.683069,-0.979166,-0.525434,-0.569280
-0.948431,0.457038,-0.999942,0.267033,-0.906332,-0.877732,0.646702,-0.849605,-0.467704
0.527109,0.410716,-0.597051,-0.436319,-0.487765,-0.222396,0.504361,0.374522,0.795335
-0.914226,-0.787944,-0.252546,-0.232537,0.611161,0.549620,-0.016437,0.288023,0.061375
-0.251423,-0.857441,0.216481,0.897543,-0.270864,0.860236,0.753995,-0.069932,-0.351646
0.877482,-0.203311,-0.787679,0.018220,0.217999,0.818364,-0.596456,-0.263945,0.848823
-0.767926,0.251887,0.099515,-0.390177,0.524088,-0.156380,0.790224,-0.443437,-0.916275
0.735406,-0.135246,0.040626,0.730137,0.123922,-0.455644,-0.555246,0.655974,0.982457
0.093551,0.677661,0.780857,-0.547125,-0.785842,-0.071880,0.987407,0.603797,0.144945
0.096644,-0.780680,0.527616,0.423998,0.074496,0.825022,0.036449,0.268830,-0.340206
-0.147371,0.477278,0.062322,-0.856137,-0.284161,-0.450125,-0.919807,-0.296747,0.877836
-0.683283,-0.234922,-0.641987,-0.147538,0.676699,0.193915,0.171611,-0.631435,0.556245
-0.916191,0.461658,0.378509,-0.773314,-0.806169,0.686458,-0.259351,-0.406488,-0.992290
0.683063,-0.824033,0.485688,-0.128725,-0.814712,-0.516094,-0.864085,0.739792,-0.136475
-0.344927,-0.323859,-0.080601,0.879227,-0.358981,0.703840,0.135185,0.667974,-0.342968
-0.047584,0.638923,-0.539936,0.365588,0.565490,-0.515030,0.502921,-0.504830,-0.419612
0.819402,-0.377561,0.276106,-0.199134,0.179190,0.494718,0.617595,-0.294838,0.193289
0.509214,-0.964544,-0.486069,0.001869,0.286041,0.070135,-0.161548,0.448013,0.555727
-0.779278,0.878597,0.915374,-0.737603,0.643473,0.227530,0.020526,-0.129674,0.470088
-0.396404,0.906734,0.386793,-0.702925,0.808948,-0.363153,-0.620271,0.892213,-0.894203
0.564990,0.530757,-0.312192,-0.134634,0.980923,-0.897073,-0.153482,-0.992445,0.887232
-0.095578,-0.284406,0.941906,0.526485,-0.610120,0.040200,0.721044,-0.772289,-0.400137
0.933573,-0.529188,-0.660710,0.250969,-0.856877,0.281055,-0.899593,0.774890,-0.526434
-0.644149,-0.697444,-0.576039,0.268528,0.513500,-0.829809,0.224708,0.345964,0.969386
-0.295456,0.164470,-0.115224,-0.595468,0.939505,-0.609269,-0.403037,-0.700615,-0.992264
0.412086,-0.722473,-0.712266,-0.764818,-0.956383,0.056327,0.498231,0.181312,-0.100162
0.784882,0.993989,0.311223,-0.037137,0.753581,0.596199,-0.562839,0.693444,0.406831
-0.576065,0.049603,0.506879,0.256792,0.389806,0.067610,0.250130,-0.964522,-0.245854
0.514887,-0.045399,0.460960,0.203987,0.659883,-0.756263,-0.448794,-0.505198,0.870576
-0.708300,0.354446,-0.041015,0.292840,-0.581159,0.016352,-0.186387,0.022054,0.852117
-0.854845,-0.611235,-0.570287,-0.105009,0.918343,0.882719,-0.158028,0.510633,0.153839
0.104647,0.168913,-0.563671,-0.077806,-0.869935,-0.800769,-0.797091,0.703093,-0.995420
-0.855677,-0.284752,-0.220013,-0.320318,-0.141882,-0.990482,-0.654851,0.938867,-0.357672
-0.946590,-0.885579,-0.011287,0.959085,0.073813,-0.107127,-0.144648,0.814799,-0.030972
0.866314,-0.140835,-0.691306,0.998005,0.728250,-0.483063,-0.622354,0.982476,0.987715
-0.457469,-0.411729,-0.772247,0.229518,-0.657781,0.923605,0.832305,0.617880,-0.628488
0.721840,0.978050,0.747186,0.849155,-0.504991,-0.733159,0.901185,-0.597284,-0.986649
0.214876,-0.188313,0.410309,0.534963,-0.401320,0.352932,0.774435,0.189653,-0.987620
0.352465,0.610121,-0.946941,0.206646,0.517117,-0.040030,0.177640,-0.394524,-0.218216
-0.424721,0.407905,0.212915,0.721398,-0.220754,-0.238069,-0.956196,-0.609334,-0.974118
-0.611382,-0.521733,-0.387206,-0.814413,0.022697,0.490579,0.499915,0.083830,-0.153780
0.829631,0.602367,-0.070927,0.986065,0.722232,0.448702,0.402744,0.015751,-0.715351
-0.562090,-0.386443,-0.162515,0.970566,0.306153,0.863264,-0.285133,0.271271,0.188284
-0.444405,-0.760083,0.859715,0.111687,0.245183,-0.720646,-0.472900,-0.047572,-0.260603
0.452149,-0.573372,-0.689980,-0.429080,-0.293011,0.335348,-0.910918,-0.592253,-0.576360
0.211645,-0.447369,0.670959,-0.169301,0.492662,-0.412979,-0.023568,-0.091620,0.243460
-0.089721,0.654580,-0.570616,-0.888085,0.302360,0.506190,0.092948,0.651192,0.910896
-0.655533,-0.069858,-0.779076,-0.761395,-0.453358,-0.330694,0.109871,0.177042,0.162661
-0.351244,-0.677947,-0.733102,0.605095,0.487612,-0.020276,0.511294,-0.409030,-0.891565
0.658999,-0.013821,0.916784,0.387159,-0.202145,-0.617176,0.378053,0.434387,-0.663766
-0.653631,-0.492254,0.113484,-0.370945,-0.940128,0.300678,-0.869951,0.099859,0.710558
