-0.702123,-0.565995
0.353340,-0.963186
0.345413,-0.931677
-0.847225,0.939703
-0.973407,0.327995
0.293402,-0.518768
-0.909631,0.906794
-0.754032,0.050643
-0.965809,0.416555
-0.710963,-0.471118
-0.988857,0.139574
0.886945,-0.988755
-0.509991,-0.125221
-0.882733,0.995282
0.211255,0.467878
0.104253,0.966206
-0.335058,0.876659
0.675713,0.803721
-0.165244,-0.874825
-0.342420,0.917356
-0.367550,0.995621
-0.259750,0.122214
-0.969141,0.378143
-0.136075,-0.990331
0.858812,-0.979380
-0.386391,0.989772
0.444196,-0.645181
0.299446,-0.582142
-0.365749,0.993250
-0.095388,-0.931560
0.185654,0.723318
-0.909720,0.906317
0.338682,-0.897651
0.442609,-0.660279
-0.154703,-0.931143
0.313964,-0.719996
-0.836429,0.884817
0.210559,0.475587
0.650374,0.949596
-0.600247,-0.952010
0.462190,-0.457459
-0.442343,0.662794
0.591169,0.910983
0.087280,0.889748
-0.889044,0.984468
-0.603122,-0.962444
-0.662989,-0.888201
0.277549,-0.339317
-0.303736,0.625102
-0.315680,0.734790
-0.548547,-0.572917
0.974717,-0.312393
0.875537,-0.999977
-0.220735,-0.359526
-0.805944,0.646523
0.316746,-0.743814
0.875372,-0.999989
0.300123,-0.589031
-0.754012,0.050399
0.160250,0.903488
0.690759,0.677565
0.190378,0.681074
0.503712,0.046628
0.001480,0.018594
0.877738,-0.999408
0.277172,-0.334856
0.467870,-0.392872
-0.186528,-0.715692
0.540976,0.492464
0.798803,-0.575554
-0.749011,-0.012423
0.290554,-0.487840
-0.576649,-0.821022
-0.849859,0.950507
-0.217439,-0.397849
0.362434,-0.987557
0.494308,-0.071472
0.803984,-0.627536
-0.432730,0.748199
0.728625,0.265393
0.232880,0.213486
0.238713,0.141358
0.454137,-0.544952
0.699698,0.590847
0.611595,0.985845
0.796434,-0.550955
0.965264,-0.422780
-0.169006,-0.850954
0.446207,-0.625664
-0.784002,0.414399
0.063393,0.714993
0.482792,-0.214562
0.401745,-0.944052
0.926433,-0.798299
0.019883,0.247267
0.549202,0.579641
0.691797,0.667909
-0.164728,-0.877949
-0.700639,-0.581273
0.771556,-0.267583
-0.702501,-0.562068
-0.690821,-0.676986
0.299784,-0.585583
-0.303100,0.618845
0.694215,0.644991
0.303591,-0.623681
-0.738654,-0.142093
-0.867251,0.995263
0.044028,0.525469
-0.595829,-0.933560
0.900241,-0.950115
0.227501,0.278984
-0.953979,0.546610
0.806368,-0.650578
-0.488722,0.141244
-0.045123,-0.537136
0.555847,0.645592
0.779819,-0.366011
0.275301,-0.312608
-0.926607,0.796985
-0.322454,0.789801
0.209406,0.488284
0.398947,-0.955062
-0.717851,-0.393098
-0.963415,0.443715
-0.036728,-0.445326
0.604043,0.965523
0.205343,0.532183
0.984749,-0.190485
0.417597,-0.860122
0.811944,-0.702152
-0.501213,-0.015238
-0.098821,-0.946374
0.600415,0.952657
0.394330,-0.970644
-0.023095,-0.286159
0.356455,-0.972969
-0.642079,-0.977057
0.248866,0.014248
0.853276,-0.962969
0.875707,-0.999960
-0.728483,-0.267112
-0.877760,0.999398
0.594256,0.926292
0.125075,1.000000
0.438328,-0.699710
0.946028,-0.627415
0.489093,-0.136631
-0.920182,0.843097
-0.875076,1.000000
-0.277058,0.333507
-0.360054,0.982413
-0.656123,-0.924487
-0.687094,-0.710706
0.992959,-0.088363
-0.428100,0.785511
0.827661,-0.828216
0.704061,0.545751
-0.596970,-0.938604
0.370704,-0.998543
-0.621970,-0.999275
0.697293,0.614965
0.938747,-0.695937
0.069772,0.768683
0.564145,0.721570
0.615450,0.992807
0.664788,0.877588
0.676111,0.800731
-0.019832,-0.246641
-0.534914,-0.424804
-0.288144,0.461181
0.792899,-0.513349
-0.047340,-0.560418
0.779453,-0.361721
0.704584,0.540230
0.275579,-0.315929
0.176003,0.801548
0.300615,-0.594017
0.038325,0.463198
0.429867,-0.771575
0.472076,-0.343744
0.906577,-0.922301
-0.707381,-0.510324
-0.309568,0.680576
-0.824613,0.806153
0.997159,-0.035692
-0.050156,-0.589375
0.207799,0.505808
-0.371798,0.999191
-0.652326,-0.941617
0.898504,-0.956696
-0.689435,-0.689705
-0.555099,-0.638382
0.969987,-0.368273
0.114292,0.990960
0.036948,0.447801
-0.014578,-0.182168
0.798216,-0.569499
0.238036,0.149777
-0.534684,-0.422184
-0.013355,-0.167043
0.725042,0.308519
-0.990469,0.119484
-0.703598,-0.550623
0.210096,0.480699
-0.084515,-0.873356
-0.649176,-0.954207
0.644009,0.971605
-0.753348,0.042063
-0.504704,-0.059078
0.361681,-0.986025
-0.468177,0.389323
-0.079169,-0.838689
0.990758,-0.115877
0.042077,0.504460
-0.956697,0.517700
0.590717,0.908625
0.389810,-0.982731
-0.220770,-0.359111
0.732940,0.212746
0.111475,0.985592
-0.823698,0.799289
-0.210196,-0.479599
0.214548,0.430910
-0.881311,0.996857
-0.243821,-0.077568
-0.308179,0.667684
-0.470184,0.365978
-0.052221,-0.610137
-0.238167,-0.148149
0.275246,-0.311954
0.288614,-0.466420
-0.005470,-0.068679
0.782829,-0.400938
0.267912,-0.223194
-0.831085,0.851552
0.573519,0.797941
-0.962679,0.451980
-0.902833,0.939457
-0.320188,0.772014
0.590782,0.908970
-0.653287,-0.937487
0.890136,-0.981965
0.267443,-0.217448
0.293724,-0.522215
0.974010,-0.320830
0.317116,-0.746913
0.139163,0.984204
-0.714973,-0.426092
-0.108683,-0.979052
0.582783,0.862545
0.633591,0.994178
-0.962530,0.453658
0.846611,-0.937040
0.530999,0.379763
0.681047,0.762057
0.748898,0.013848
0.309869,-0.683347
0.757263,-0.091139
-0.611160,-0.984914
0.024610,0.304355
0.007892,0.099010
0.642599,0.975645
-0.569388,-0.765589
0.963488,-0.442892
-0.662230,-0.892543
0.570523,0.774687
-0.759575,0.120033
-0.289559,0.476893
-0.294260,0.527952
0.340914,-0.909656
0.567106,0.746826
-0.154385,-0.932592
0.019757,0.245725
0.900078,-0.950752
-0.712637,-0.452451
-0.831559,0.854665
-0.613717,-0.989966
0.318555,-0.758814
0.331112,-0.851730
0.638955,0.984663
0.725098,0.307842
0.700018,0.587602
0.546795,0.554736
-0.468096,0.390259
-0.236431,-0.169688
0.566924,0.745309
-0.239507,-0.131473
0.358417,-0.978367
-0.015934,-0.198902
0.333869,-0.869369
-0.541008,-0.492815
-0.281991,0.391265
-0.630279,-0.997800
0.149528,0.952874
-0.197594,-0.611972
0.810927,-0.692991
0.282779,-0.400367
0.288465,-0.464759
0.904975,-0.929893
0.630596,0.997529
0.529811,0.365910
-0.252630,0.033041
0.234476,0.193844
-0.477985,0.273131
-0.814479,0.724471
0.327299,-0.825658
-0.987800,0.152713
-0.608027,-0.977341
0.844890,-0.929269
-0.180428,-0.767071
0.986988,-0.162791
-0.582310,-0.859522
0.744324,0.071263
0.721522,0.350271
-0.018424,-0.229460
-0.410688,0.901110
0.100666,0.953609
0.808417,-0.669915
-0.437728,0.705079
0.771930,-0.272100
-0.214569,-0.430671
0.790855,-0.491141
-0.686678,-0.714376
-0.777675,0.340807
-0.370199,0.998181
-0.767828,0.222168
0.505855,0.073508
-0.276084,0.321939
0.697961,0.608324
0.813079,-0.712233
0.911416,-0.897111
-0.852893,0.961659
0.968179,-0.389307
0.859378,-0.980793
-0.345977,0.934226
-0.344643,0.928117
0.971382,-0.351925
0.233429,0.206741
0.293135,-0.515889
0.387445,-0.987795
-0.162446,-0.891315
-0.994762,0.065777
0.123961,0.999915
-0.563414,-0.715183
-0.993427,0.082508
0.112260,0.987213
-0.406541,0.922472
0.634038,0.993558
0.251282,-0.016106
-0.789711,0.478567
-0.178873,-0.779462
0.180396,0.767335
0.164020,0.882172
0.727313,0.281248
0.567371,0.749041
-0.725789,-0.299575
-0.588998,-0.899397
-0.727175,-0.282910
0.157086,0.919809
-0.551538,-0.603309
-0.726847,-0.286865
-0.241760,-0.103365
0.233988,0.199852
-0.453444,0.552238
-0.080479,-0.847537
-0.195029,-0.637145
-0.685761,-0.722392
-0.023604,-0.292289
-0.526895,-0.331573
-0.781211,0.382230
0.642607,0.975622
-0.099676,-0.949789
-0.102765,-0.961218
0.446434,-0.623436
0.241984,0.100564
-0.423466,0.820194
-0.997904,0.026337
-0.296868,0.555500
-0.112599,-0.987882
0.901938,-0.943250
0.236343,0.170783
-0.120292,-0.998251
0.033558,0.409311
0.845724,-0.933086
0.341708,-0.913759
0.438336,-0.699638
-0.853403,0.963398
0.182601,0.749275
-0.811974,0.702418
0.871447,-0.999004
0.145179,0.968020
0.796552,-0.552189
0.559542,0.680337
-0.350207,0.951857
-0.464725,0.428899
-0.476528,0.290698
-0.902626,0.940343
-0.128138,-0.999223
0.440086,-0.683758
-0.471498,0.350556
0.981967,-0.224670
0.816507,-0.741799
0.470742,-0.359437
0.464872,-0.427239
0.838059,-0.894174
-0.792431,0.508291
0.890931,-0.980029
0.192464,0.661655
0.358691,-0.979071
0.016941,0.211286
0.155989,0.925131
-0.680559,-0.766016
-0.103927,-0.965144
-0.537799,-0.457330
0.514621,0.182699
0.837885,-0.893190
-0.968670,0.383609
0.430577,-0.765867
-0.046157,-0.548045
-0.355409,0.969848
0.785922,-0.436231
0.167736,0.859231
0.879050,-0.998705
-0.101690,-0.957403
0.464263,-0.434135
0.267368,-0.216522
-0.019930,-0.247838
0.761565,-0.144822
0.385447,-0.991395
-0.434763,0.731006
0.582290,0.859394
0.277061,-0.333539
0.945946,-0.628220
0.295437,-0.540460
-0.524578,-0.303974
-0.037070,-0.449174
-0.249949,-0.000637
-0.910295,0.903240
0.246569,0.043105
-0.877072,0.999661
-0.634040,-0.993554
0.704226,0.544016
0.547784,0.565029
-0.418694,0.853006
0.859951,-0.982171
-0.817250,0.748026
-0.999464,0.006733
0.763327,-0.166689
0.267108,-0.213330
0.715977,0.414640
-0.820052,0.770929
-0.060084,-0.685318
-0.569582,-0.767153
0.787703,-0.456262
0.626146,0.999896
0.312442,-0.706590
0.824595,-0.806012
0.621576,0.999074
0.624686,0.999992
0.686170,0.718825
-0.384298,0.993181
0.596703,0.937439
-0.358243,0.977910
0.150432,0.949365
-0.646046,-0.965231
0.566827,0.744490
-0.975736,0.300206
-0.128317,-0.999131
0.571944,0.785854
-0.751952,0.024530
-0.611960,-0.986605
-0.137559,-0.987572
0.907973,-0.915378
-0.812696,0.708842
0.149440,0.953209
0.084266,0.871826
0.674088,0.815699
0.666984,0.864026
-0.064564,-0.725203
-0.337310,0.889921
-0.950973,0.577854
0.887564,-0.987561
-0.305294,0.640265
-0.475265,0.305852
0.823103,-0.794780
0.186584,0.715202
-0.782875,0.401466
0.490960,-0.113356
-0.408815,0.911066
0.830896,-0.850309
0.066679,0.743249
0.349435,-0.948839
-0.858976,0.979794
-0.747954,-0.025712
-0.928559,0.781932
-0.281393,0.384343
0.153511,0.936501
0.723909,0.322021
0.904848,-0.930479
